--------------------Index Table--------------------
your         - frequency: 62   At line 165, 258, 418, 431, 507, 588, 595, 610, 671, 687, 695, 769, 1054, 1076, 1102, 1103, 1104, 1121, 1132, 1133, 1373, 1430, 1486, 1702, 1705, 1770, 1925, 2053, 2103, 2105, 2142, 2157, 2193, 2412, 2414, 2479, 2483, 2484, 2558, 2574, 2601, 2846, 2877, 3098, 3109, 3127, 3140, 3175, 3178, 3216, 3264, 3269, 3314, 3350, 3385, 3388, 3416, 3421, 3434, 3524, 3548
---------------
you          - frequency: 411  At line 73, 87, 89, 90, 97, 99, 103, 107, 139, 146, 165, 167, 168, 191, 208, 258, 260, 286, 287, 288, 301, 381, 402, 419, 422, 425, 426, 434, 442, 444, 445, 446, 448, 456, 460, 486, 492, 493, 498, 499, 508, 512, 519, 529, 541, 553, 554, 568, 585, 588, 610, 611, 618, 630, 663, 668, 669, 671, 680, 682, 683, 694, 696, 707, 716, 722, 750, 811, 824, 825, 844, 853, 863, 873, 891, 892, 907, 910, 914, 918, 921, 922, 934, 1026, 1033, 1037, 1047, 1048, 1049, 1050, 1057, 1062, 1087, 1097, 1101, 1103, 1104, 1111, 1113, 1119, 1121, 1123, 1124, 1131, 1133, 1134, 1138, 1139, 1152, 1155, 1162, 1164, 1176, 1183, 1184, 1226, 1248, 1262, 1270, 1273, 1281, 1282, 1283, 1287, 1294, 1295, 1365, 1366, 1375, 1376, 1394, 1395, 1407, 1428, 1447, 1459, 1471, 1510, 1543, 1545, 1572, 1575, 1580, 1584, 1592, 1596, 1597, 1599, 1601, 1604, 1606, 1611, 1617, 1623, 1646, 1648, 1649, 1696, 1699, 1709, 1719, 1724, 1727, 1729, 1733, 1736, 1740, 1752, 1759, 1764, 1771, 1780, 1790, 1799, 1803, 1806, 1808, 1809, 1815, 1816, 1818, 1825, 1827, 1828, 1830, 1833, 1838, 1840, 1844, 1846, 1869, 1873, 1887, 1894, 1907, 1922, 1940, 1948, 1969, 1970, 1995, 1998, 2001, 2048, 2049, 2063, 2067, 2070, 2110, 2138, 2139, 2150, 2160, 2183, 2190, 2237, 2252, 2258, 2267, 2286, 2328, 2334, 2342, 2359, 2374, 2379, 2380, 2386, 2412, 2426, 2440, 2441, 2443, 2444, 2449, 2457, 2482, 2483, 2507, 2515, 2519, 2524, 2540, 2552, 2561, 2574, 2583, 2586, 2588, 2594, 2599, 2607, 2622, 2637, 2642, 2643, 2646, 2657, 2669, 2686, 2706, 2707, 2709, 2714, 2717, 2721, 2731, 2735, 2751, 2756, 2759, 2767, 2771, 2774, 2776, 2780, 2793, 2797, 2799, 2804, 2808, 2815, 2821, 2832, 2835, 2836, 2853, 2859, 2863, 2874, 2880, 2894, 2916, 2942, 2966, 2969, 2973, 2979, 3046, 3051, 3112, 3141, 3155, 3160, 3162, 3163, 3176, 3188, 3195, 3212, 3219, 3223, 3234, 3240, 3250, 3290, 3339, 3373, 3378, 3398, 3419, 3420, 3428, 3437, 3441, 3449, 3452, 3453, 3458, 3461, 3484, 3487, 3488, 3496, 3498, 3503, 3512, 3531, 3532, 3542, 3546
---------------
yet          - frequency: 25   At line 425, 811, 887, 993, 1047, 1103, 1113, 1123, 1133, 1621, 1779, 1790, 1919, 2225, 2458, 2507, 3061, 3100, 3295, 3388, 3394, 3471, 3485
---------------
wow          - frequency: 6    At line 1495, 1508
---------------
would        - frequency: 83   At line 25, 69, 72, 131, 143, 163, 265, 354, 399, 422, 437, 486, 487, 495, 546, 612, 647, 768, 904, 970, 1055, 1131, 1196, 1232, 1338, 1428, 1450, 1465, 1468, 1470, 1553, 1558, 1570, 1572, 1635, 1824, 1913, 2007, 2063, 2094, 2168, 2207, 2226, 2286, 2441, 2444, 2495, 2529, 2549, 2751, 2785, 2787, 2789, 2822, 2827, 2866, 2933, 2951, 2973, 2976, 2987, 2997, 3056, 3151, 3202, 3294, 3318, 3330, 3449, 3561, 3580, 3582, 3585, 3587, 3591, 3592, 3593, 3596
---------------
won          - frequency: 26   At line 261, 298, 433, 441, 456, 564, 570, 844, 891, 1050, 1641, 1814, 1861, 1943, 2368, 2774, 2776, 2797, 2799, 3526
---------------
with         - frequency: 180  At line 27, 37, 38, 55, 84, 98, 106, 155, 166, 168, 204, 273, 282, 295, 342, 345, 347, 353, 369, 383, 408, 412, 413, 417, 445, 458, 464, 477, 483, 485, 494, 498, 505, 527, 567, 576, 617, 644, 745, 759, 774, 779, 797, 928, 937, 965, 974, 980, 985, 995, 1011, 1042, 1123, 1127, 1196, 1238, 1245, 1281, 1320, 1339, 1340, 1402, 1434, 1470, 1482, 1512, 1516, 1528, 1536, 1545, 1550, 1567, 1606, 1618, 1652, 1662, 1706, 1710, 1740, 1759, 1766, 1776, 1800, 1815, 1816, 1834, 1856, 1866, 1983, 1985, 1993, 2078, 2080, 2083, 2119, 2120, 2132, 2146, 2204, 2206, 2207, 2221, 2225, 2238, 2268, 2289, 2297, 2303, 2305, 2315, 2348, 2440, 2464, 2476, 2488, 2498, 2499, 2528, 2530, 2554, 2568, 2610, 2625, 2630, 2651, 2663, 2703, 2723, 2733, 2781, 2827, 2846, 2850, 2853, 2863, 2865, 2871, 2917, 2932, 2938, 2942, 2948, 2954, 2962, 2982, 3028, 3030, 3032, 3033, 3085, 3107, 3116, 3180, 3185, 3187, 3224, 3247, 3271, 3282, 3288, 3308, 3322, 3336, 3486, 3496, 3508, 3513, 3528, 3537, 3575, 3578, 3595, 3596
---------------
will         - frequency: 33   At line 165, 257, 268, 390, 554, 628, 801, 888, 925, 928, 957, 1048, 1183, 1184, 1640, 2190, 2407, 2767, 2771, 2774, 2776, 2780, 2797, 2799, 2922, 2979, 3223
---------------
who          - frequency: 63   At line 161, 257, 312, 351, 436, 485, 491, 501, 564, 573, 702, 756, 863, 890, 949, 1026, 1030, 1057, 1062, 1262, 1285, 1468, 1560, 1736, 1901, 1927, 1961, 2051, 2071, 2099, 2100, 2109, 2110, 2145, 2148, 2171, 2267, 2285, 2319, 2431, 2436, 2500, 2554, 2590, 2746, 2987, 2995, 2997, 3024, 3070, 3115, 3131, 3138, 3155, 3248, 3260, 3268, 3335, 3364, 3400, 3531, 3537
---------------
which        - frequency: 49   At line 66, 104, 119, 153, 221, 225, 227, 228, 229, 385, 415, 568, 759, 848, 934, 969, 1059, 1128, 1193, 1198, 1218, 1220, 1234, 1235, 1293, 1412, 1415, 1425, 1468, 1493, 1525, 1546, 1572, 1580, 1639, 1653, 1743, 1776, 2045, 2304, 2756, 3148, 3172, 3224, 3230, 3356, 3398, 3491
---------------
when         - frequency: 79   At line 26, 31, 34, 108, 117, 123, 199, 200, 204, 231, 255, 300, 310, 385, 446, 457, 522, 559, 560, 561, 596, 756, 777, 808, 813, 815, 1005, 1030, 1048, 1218, 1220, 1236, 1335, 1357, 1455, 1487, 1502, 1504, 1519, 1550, 1562, 1565, 1611, 1612, 1613, 1685, 1737, 1738, 1812, 1855, 1873, 2059, 2098, 2209, 2231, 2255, 2317, 2365, 2367, 2378, 2578, 2717, 2762, 2781, 2889, 2921, 2923, 2926, 2960, 3006, 3027, 3110, 3112, 3296, 3349, 3547
---------------
what         - frequency: 141  At line 20, 52, 53, 77, 78, 87, 90, 183, 192, 193, 275, 294, 394, 517, 520, 522, 524, 541, 545, 548, 580, 587, 669, 692, 749, 782, 801, 812, 859, 876, 877, 901, 904, 910, 925, 930, 972, 993, 999, 1001, 1007, 1033, 1092, 1114, 1134, 1152, 1186, 1224, 1248, 1273, 1295, 1316, 1335, 1342, 1405, 1459, 1470, 1536, 1549, 1588, 1617, 1629, 1724, 1726, 1730, 1731, 1734, 1745, 1767, 1768, 1771, 1787, 1793, 1806, 1838, 1873, 1901, 1912, 1930, 1950, 2051, 2094, 2103, 2139, 2168, 2181, 2183, 2186, 2226, 2326, 2380, 2426, 2441, 2443, 2444, 2451, 2509, 2524, 2534, 2537, 2549, 2628, 2634, 2636, 2637, 2642, 2646, 2655, 2675, 2709, 2712, 2792, 2815, 2846, 2847, 2855, 2872, 2876, 2912, 2926, 2965, 3012, 3060, 3083, 3149, 3180, 3183, 3208, 3231, 3273, 3294, 3339, 3392, 3429, 3449, 3496, 3541, 3550
---------------
were         - frequency: 85   At line 55, 79, 97, 122, 130, 148, 221, 256, 314, 330, 422, 464, 476, 558, 562, 716, 743, 875, 937, 949, 1193, 1219, 1375, 1424, 1538, 1541, 1543, 1661, 1677, 1679, 1683, 1817, 1888, 1897, 1898, 1910, 1948, 1973, 1976, 1981, 2007, 2036, 2077, 2079, 2081, 2083, 2110, 2111, 2113, 2143, 2162, 2198, 2214, 2311, 2320, 2443, 2493, 2497, 2499, 2502, 2503, 2571, 2578, 2707, 2861, 2865, 2893, 2955, 3027, 3052, 3059, 3072, 3073, 3273, 3349, 3356, 3439, 3454, 3459, 3558, 3559
---------------
we           - frequency: 34   At line 433, 436, 456, 595, 632, 920, 1374, 1596, 1715, 1833, 1867, 1876, 2068, 2069, 2070, 2143, 2578, 2579, 2580, 2585, 2594, 2604, 2612, 2756, 2792, 2863, 2972, 3244, 3447, 3459, 3471, 3484, 3494
---------------
way          - frequency: 56   At line 30, 45, 102, 104, 123, 146, 224, 228, 229, 232, 234, 260, 262, 288, 389, 394, 400, 402, 404, 466, 552, 578, 774, 821, 956, 983, 984, 985, 1246, 1343, 1398, 1524, 1532, 1562, 1572, 1580, 1633, 1830, 1844, 2011, 2212, 2230, 2288, 2307, 2395, 2426, 2717, 2829, 2933, 3045, 3261, 3327, 3330, 3567
---------------
water        - frequency: 5    At line 377, 417, 582, 1969
---------------
was          - frequency: 357  At line 17, 19, 23, 29, 39, 43, 50, 52, 53, 57, 59, 66, 74, 75, 76, 78, 85, 94, 96, 105, 106, 109, 111, 112, 113, 114, 115, 117, 118, 119, 125, 128, 129, 131, 133, 154, 155, 158, 159, 171, 186, 187, 189, 203, 213, 214, 219, 229, 252, 255, 278, 281, 283, 289, 294, 295, 300, 306, 310, 357, 359, 362, 363, 364, 367, 370, 371, 373, 377, 378, 385, 394, 396, 397, 415, 432, 436, 452, 458, 463, 481, 487, 488, 500, 528, 545, 546, 558, 560, 561, 583, 604, 607, 619, 620, 693, 705, 717, 726, 736, 741, 751, 759, 777, 779, 794, 796, 804, 808, 834, 836, 840, 848, 871, 890, 902, 906, 909, 924, 944, 945, 948, 960, 961, 965, 968, 979, 989, 993, 1001, 1004, 1007, 1011, 1028, 1030, 1066, 1132, 1148, 1150, 1160, 1169, 1190, 1194, 1203, 1204, 1206, 1220, 1226, 1231, 1234, 1237, 1255, 1262, 1266, 1285, 1292, 1299, 1312, 1337, 1339, 1342, 1358, 1366, 1376, 1377, 1397, 1412, 1413, 1414, 1421, 1422, 1425, 1429, 1435, 1451, 1456, 1457, 1477, 1516, 1519, 1521, 1525, 1536, 1540, 1546, 1549, 1552, 1561, 1562, 1625, 1626, 1639, 1642, 1643, 1661, 1662, 1676, 1678, 1683, 1691, 1702, 1706, 1713, 1745, 1747, 1756, 1764, 1779, 1787, 1821, 1834, 1936, 1938, 1960, 1961, 1982, 1989, 1991, 2003, 2012, 2024, 2056, 2069, 2074, 2085, 2086, 2091, 2096, 2112, 2124, 2163, 2171, 2197, 2202, 2206, 2209, 2210, 2211, 2212, 2215, 2220, 2230, 2237, 2245, 2261, 2285, 2296, 2299, 2300, 2303, 2305, 2306, 2311, 2317, 2318, 2323, 2328, 2329, 2333, 2336, 2338, 2347, 2363, 2364, 2377, 2390, 2392, 2444, 2467, 2475, 2486, 2489, 2534, 2543, 2568, 2573, 2580, 2628, 2649, 2651, 2655, 2661, 2680, 2684, 2805, 2843, 2871, 2882, 2890, 2911, 2912, 2926, 2944, 2960, 2961, 2970, 3007, 3030, 3031, 3033, 3041, 3045, 3047, 3051, 3070, 3082, 3084, 3085, 3107, 3110, 3117, 3149, 3152, 3155, 3221, 3223, 3229, 3230, 3242, 3248, 3254, 3259, 3260, 3284, 3327, 3360, 3397, 3423, 3461, 3509, 3513, 3537, 3547, 3555, 3571
---------------
very         - frequency: 144  At line 17, 24, 29, 30, 48, 50, 66, 74, 95, 99, 106, 144, 147, 158, 166, 172, 174, 209, 214, 220, 236, 306, 321, 355, 368, 401, 403, 414, 496, 507, 587, 599, 671, 674, 713, 723, 743, 748, 795, 804, 959, 970, 979, 983, 996, 1041, 1043, 1055, 1061, 1062, 1068, 1095, 1102, 1117, 1168, 1194, 1203, 1262, 1285, 1307, 1342, 1379, 1444, 1461, 1468, 1535, 1537, 1560, 1566, 1620, 1680, 1696, 1699, 1710, 1712, 1773, 1910, 1916, 1922, 1938, 1943, 1966, 1982, 1998, 2015, 2037, 2105, 2123, 2132, 2142, 2168, 2170, 2174, 2210, 2215, 2220, 2224, 2232, 2244, 2284, 2321, 2325, 2363, 2367, 2369, 2370, 2390, 2420, 2447, 2523, 2550, 2571, 2573, 2586, 2689, 2747, 2749, 2753, 2764, 2804, 2805, 2832, 2840, 2892, 2897, 2913, 3033, 3055, 3059, 3081, 3085, 3148, 3158, 3166, 3219, 3294, 3311, 3320, 3334, 3348, 3351, 3559
---------------
us           - frequency: 14   At line 459, 546, 626, 910, 1374, 1878, 1890, 2585, 2652, 2768, 2781, 2863, 3452
---------------
up           - frequency: 100  At line 26, 92, 111, 112, 119, 123, 145, 152, 162, 183, 187, 203, 279, 306, 310, 348, 350, 351, 352, 360, 377, 447, 679, 713, 725, 776, 800, 816, 817, 839, 885, 909, 915, 948, 963, 970, 972, 997, 1009, 1030, 1061, 1230, 1359, 1361, 1376, 1459, 1498, 1520, 1525, 1537, 1557, 1643, 1665, 1793, 1846, 1855, 1871, 1883, 1992, 2004, 2038, 2045, 2134, 2135, 2194, 2199, 2207, 2213, 2214, 2267, 2307, 2349, 2386, 2396, 2475, 2525, 2533, 2554, 2574, 2636, 2781, 2906, 2911, 3125, 3151, 3166, 3224, 3308, 3315, 3330, 3337, 3389, 3390, 3414, 3534, 3541, 3549, 3559, 3575
---------------
two          - frequency: 40   At line 214, 215, 362, 559, 775, 875, 926, 949, 1180, 1193, 1293, 1334, 1364, 1521, 1529, 1638, 1664, 1678, 1752, 1905, 1935, 2053, 2066, 2080, 2142, 2152, 2196, 2233, 2700, 2716, 2745, 2891, 2997, 3053, 3366, 3375, 3451, 3495
---------------
twinkle      - frequency: 8    At line 1837, 1848, 1851
---------------
tut          - frequency: 2    At line 2385
---------------
tried        - frequency: 19   At line 52, 88, 134, 193, 202, 796, 839, 967, 1094, 1231, 1245, 1251, 1252, 1587, 1912, 2418, 2699, 3536
---------------
treacle      - frequency: 7    At line 1904, 1936, 1952, 1967, 1970, 3278
---------------
too          - frequency: 26   At line 53, 130, 131, 165, 203, 259, 374, 794, 914, 1121, 1418, 1421, 1913, 2489, 2607, 2658, 2762, 2783, 2916, 2970, 3055, 3163, 3202, 3336, 3554
---------------
tis          - frequency: 5    At line 2398, 2399, 2906, 2915
---------------
times        - frequency: 6    At line 323, 324, 836, 1031, 3053
---------------
time         - frequency: 71   At line 33, 39, 51, 70, 86, 97, 115, 132, 153, 293, 307, 365, 432, 463, 567, 716, 774, 779, 875, 881, 969, 983, 1022, 1176, 1179, 1204, 1281, 1376, 1531, 1552, 1651, 1653, 1706, 1774, 1800, 1803, 1809, 1812, 1817, 1818, 1819, 1856, 1867, 1897, 1953, 1979, 1991, 2007, 2020, 2220, 2310, 2331, 2337, 2348, 2377, 2484, 2497, 2660, 2719, 2746, 2763, 2887, 2889, 3038, 3169, 3285, 3364, 3517, 3532, 3591
---------------
thump        - frequency: 2    At line 108
---------------
those        - frequency: 10   At line 141, 344, 541, 1010, 1253, 2064, 2499, 3050, 3095
---------------
this         - frequency: 134  At line 33, 63, 70, 73, 74, 85, 88, 153, 171, 191, 208, 213, 230, 287, 288, 310, 357, 364, 373, 399, 403, 404, 432, 457, 482, 487, 499, 526, 566, 596, 604, 620, 635, 694, 711, 750, 758, 774, 779, 782, 796, 812, 833, 857, 871, 875, 886, 888, 897, 903, 933, 988, 1028, 1030, 1073, 1118, 1179, 1194, 1203, 1292, 1319, 1322, 1346, 1356, 1377, 1384, 1401, 1449, 1528, 1531, 1550, 1552, 1587, 1625, 1641, 1643, 1651, 1706, 1712, 1844, 1877, 1930, 1952, 1974, 1978, 1991, 2003, 2014, 2020, 2037, 2067, 2071, 2088, 2099, 2211, 2286, 2313, 2338, 2377, 2436, 2501, 2525, 2557, 2680, 2746, 2764, 2880, 2982, 3037, 3053, 3079, 3085, 3090, 3143, 3148, 3169, 3225, 3269, 3339, 3349, 3360, 3364, 3389, 3423, 3457, 3462, 3467, 3503, 3532, 3534, 3555, 3590
---------------
they         - frequency: 152  At line 55, 64, 79, 96, 122, 163, 256, 261, 266, 332, 354, 476, 481, 493, 559, 560, 561, 563, 594, 597, 599, 605, 607, 717, 743, 771, 877, 878, 886, 887, 896, 925, 926, 938, 950, 1195, 1267, 1289, 1290, 1353, 1365, 1442, 1456, 1528, 1546, 1592, 1684, 1685, 1716, 1852, 1883, 1884, 1899, 1901, 1904, 1907, 1908, 1910, 1914, 1932, 1947, 1950, 1966, 1973, 1976, 1981, 1982, 2007, 2083, 2095, 2098, 2106, 2111, 2113, 2195, 2227, 2248, 2249, 2250, 2324, 2325, 2326, 2361, 2365, 2374, 2460, 2493, 2494, 2497, 2518, 2523, 2539, 2546, 2548, 2554, 2564, 2589, 2619, 2664, 2677, 2678, 2761, 2762, 2771, 2781, 2808, 2815, 2818, 2819, 2822, 2827, 2828, 2829, 2830, 2850, 2855, 2865, 3028, 3034, 3035, 3052, 3060, 3063, 3064, 3223, 3225, 3285, 3295, 3310, 3317, 3318, 3334, 3349, 3407, 3410, 3417, 3429, 3441, 3451, 3453, 3454, 3495, 3498, 3501
---------------
there        - frequency: 99   At line 29, 56, 75, 85, 94, 98, 114, 122, 128, 150, 207, 216, 289, 401, 443, 464, 488, 558, 583, 779, 796, 805, 814, 815, 817, 825, 868, 871, 875, 876, 906, 924, 1004, 1148, 1204, 1206, 1230, 1253, 1255, 1282, 1315, 1321, 1363, 1366, 1373, 1409, 1418, 1421, 1460, 1536, 1541, 1543, 1552, 1623, 1643, 1676, 1685, 1691, 1694, 1897, 1938, 1944, 2010, 2036, 2074, 2081, 2212, 2228, 2237, 2245, 2251, 2253, 2318, 2329, 2432, 2433, 2434, 2476, 2502, 2575, 2649, 2768, 2793, 3036, 3042, 3100, 3152, 3229, 3310, 3388, 3403, 3417, 3423, 3477, 3480, 3483, 3501, 3513
---------------
then         - frequency: 94   At line 35, 46, 54, 77, 193, 277, 351, 383, 393, 395, 460, 557, 594, 820, 822, 828, 833, 842, 853, 872, 892, 903, 907, 908, 975, 979, 982, 1031, 1049, 1181, 1290, 1302, 1305, 1308, 1353, 1368, 1371, 1454, 1525, 1580, 1611, 1665, 1696, 1724, 1748, 1750, 1761, 1825, 1869, 1883, 1931, 1936, 2001, 2022, 2024, 2025, 2087, 2139, 2152, 2167, 2177, 2226, 2240, 2243, 2260, 2374, 2506, 2515, 2533, 2534, 2579, 2589, 2618, 2631, 2642, 2651, 2681, 2717, 2731, 2762, 2795, 2882, 2896, 3091, 3124, 3225, 3240, 3382, 3437, 3503, 3512
---------------
them         - frequency: 88   At line 87, 132, 164, 261, 262, 316, 384, 446, 448, 457, 478, 484, 492, 582, 608, 741, 743, 757, 932, 1059, 1226, 1231, 1246, 1253, 1267, 1300, 1322, 1455, 1562, 1678, 2007, 2037, 2038, 2039, 2060, 2061, 2082, 2084, 2107, 2130, 2150, 2152, 2242, 2251, 2305, 2371, 2372, 2445, 2476, 2495, 2554, 2737, 2809, 2811, 2815, 2830, 2847, 2849, 2865, 2889, 2942, 3014, 3028, 3030, 3035, 3041, 3052, 3064, 3074, 3096, 3125, 3134, 3315, 3334, 3431, 3446, 3458, 3466, 3474, 3480, 3486, 3487, 3536, 3545, 3579
---------------
their        - frequency: 52   At line 84, 164, 349, 354, 477, 1322, 1341, 1353, 1357, 1464, 1679, 1898, 2074, 2078, 2095, 2111, 2146, 2155, 2157, 2200, 2298, 2324, 2402, 2495, 2667, 2763, 2818, 2819, 2822, 2823, 2829, 2830, 2892, 3027, 3063, 3072, 3074, 3076, 3124, 3321, 3333, 3349, 3361, 3479, 3516, 3569, 3594, 3596, 3597
---------------
the          - frequency: 1644 At line 7, 14, 18, 19, 20, 24, 25, 26, 30, 33, 34, 38, 40, 43, 45, 50, 54, 57, 59, 60, 66, 69, 71, 74, 77, 83, 84, 86, 87, 90, 96, 98, 107, 109, 113, 115, 117, 118, 120, 122, 123, 124, 129, 130, 131, 132, 134, 135, 137, 139, 142, 146, 150, 151, 154, 155, 158, 163, 187, 188, 193, 194, 198, 199, 200, 202, 203, 205, 220, 221, 223, 224, 228, 230, 231, 232, 233, 236, 249, 253, 254, 260, 261, 266, 267, 272, 277, 279, 282, 289, 290, 293, 295, 296, 298, 300, 302, 303, 306, 307, 310, 312, 313, 314, 322, 325, 327, 329, 332, 334, 336, 344, 358, 361, 363, 364, 368, 369, 370, 371, 372, 378, 380, 381, 382, 383, 385, 393, 400, 402, 404, 407, 412, 415, 416, 418, 421, 428, 429, 432, 436, 439, 441, 443, 450, 451, 453, 457, 460, 463, 464, 466, 476, 477, 481, 485, 488, 491, 494, 498, 499, 500, 501, 503, 505, 507, 510, 512, 513, 514, 517, 519, 523, 524, 526, 528, 529, 536, 537, 540, 542, 543, 545, 546, 549, 552, 553, 554, 556, 557, 558, 561, 562, 563, 566, 568, 569, 570, 573, 576, 577, 581, 585, 587, 592, 594, 595, 599, 601, 604, 605, 606, 607, 608, 614, 618, 619, 620, 624, 639, 640, 658, 668, 672, 674, 679, 685, 688, 689, 692, 693, 695, 696, 702, 703, 708, 711, 712, 714, 721, 725, 726, 733, 736, 738, 742, 745, 746, 748, 752, 753, 758, 759, 761, 762, 767, 770, 771, 775, 776, 777, 778, 779, 787, 788, 789, 791, 795, 797, 799, 800, 803, 806, 814, 828, 832, 833, 834, 835, 836, 839, 840, 842, 845, 846, 850, 852, 856, 859, 864, 875, 878, 882, 883, 884, 885, 888, 891, 892, 893, 895, 900, 902, 906, 907, 915, 918, 920, 926, 927, 931, 932, 937, 938, 944, 946, 948, 950, 954, 955, 956, 957, 960, 962, 968, 969, 973, 974, 975, 977, 978, 981, 982, 984, 990, 995, 996, 999, 1001, 1002, 1003, 1004, 1005, 1007, 1009, 1010, 1011, 1012, 1022, 1023, 1026, 1033, 1039, 1045, 1052, 1057, 1059, 1060, 1064, 1067, 1070, 1076, 1081, 1086, 1090, 1092, 1094, 1097, 1101, 1107, 1111, 1113, 1114, 1116, 1118, 1121, 1123, 1126, 1128, 1129, 1131, 1133, 1142, 1144, 1147, 1150, 1157, 1162, 1168, 1173, 1176, 1177, 1180, 1182, 1184, 1186, 1189, 1192, 1193, 1196, 1199, 1205, 1208, 1227, 1234, 1235, 1240, 1244, 1248, 1251, 1252, 1256, 1258, 1259, 1265, 1266, 1268, 1273, 1277, 1279, 1289, 1293, 1302, 1303, 1305, 1306, 1308, 1312, 1317, 1323, 1324, 1334, 1336, 1338, 1343, 1345, 1347, 1348, 1349, 1350, 1357, 1358, 1359, 1361, 1363, 1364, 1373, 1374, 1376, 1379, 1382, 1384, 1385, 1386, 1389, 1394, 1398, 1401, 1407, 1410, 1412, 1413, 1414, 1415, 1421, 1422, 1423, 1424, 1425, 1432, 1434, 1436, 1442, 1447, 1449, 1451, 1452, 1453, 1454, 1455, 1456, 1457, 1464, 1465, 1470, 1471, 1474, 1476, 1477, 1481, 1484, 1493, 1497, 1498, 1499, 1504, 1510, 1511, 1512, 1513, 1516, 1518, 1521, 1524, 1527, 1530, 1535, 1536, 1539, 1545, 1556, 1557, 1561, 1563, 1565, 1570, 1576, 1580, 1584, 1590, 1591, 1596, 1601, 1606, 1611, 1617, 1618, 1623, 1626, 1629, 1635, 1638, 1639, 1640, 1641, 1643, 1646, 1651, 1652, 1653, 1656, 1659, 1660, 1661, 1663, 1667, 1676, 1677, 1678, 1680, 1683, 1687, 1689, 1691, 1694, 1700, 1705, 1712, 1719, 1720, 1724, 1727, 1729, 1730, 1733, 1734, 1736, 1737, 1740, 1741, 1745, 1746, 1750, 1752, 1753, 1756, 1758, 1759, 1761, 1764, 1767, 1770, 1774, 1776, 1778, 1783, 1786, 1790, 1793, 1795, 1797, 1800, 1803, 1808, 1814, 1816, 1817, 1818, 1821, 1827, 1830, 1832, 1834, 1835, 1840, 1844, 1846, 1847, 1850, 1854, 1855, 1860, 1863, 1866, 1867, 1871, 1873, 1876, 1877, 1881, 1883, 1886, 1890, 1894, 1897, 1899, 1904, 1910, 1914, 1916, 1922, 1927, 1931, 1932, 1935, 1939, 1940, 1946, 1952, 1955, 1958, 1959, 1960, 1961, 1962, 1963, 1965, 1967, 1969, 1973, 1976, 1978, 1981, 1987, 1991, 1992, 1994, 2001, 2004, 2005, 2007, 2008, 2011, 2014, 2019, 2021, 2022, 2023, 2025, 2026, 2032, 2035, 2046, 2048, 2051, 2056, 2059, 2060, 2067, 2069, 2072, 2073, 2075, 2078, 2079, 2080, 2081, 2082, 2084, 2085, 2087, 2089, 2092, 2094, 2098, 2099, 2100, 2102, 2109, 2110, 2111, 2112, 2119, 2123, 2126, 2129, 2132, 2134, 2135, 2136, 2138, 2139, 2145, 2146, 2147, 2151, 2153, 2155, 2157, 2160, 2162, 2167, 2171, 2174, 2176, 2183, 2188, 2189, 2190, 2191, 2193, 2196, 2198, 2199, 2200, 2202, 2206, 2210, 2211, 2212, 2213, 2214, 2215, 2218, 2219, 2220, 2225, 2227, 2232, 2234, 2237, 2240, 2242, 2243, 2244, 2252, 2253, 2254, 2255, 2258, 2261, 2263, 2265, 2267, 2268, 2273, 2276, 2278, 2284, 2285, 2288, 2292, 2295, 2296, 2298, 2299, 2303, 2305, 2306, 2310, 2311, 2312, 2313, 2317, 2319, 2320, 2323, 2324, 2328, 2333, 2336, 2338, 2341, 2344, 2345, 2347, 2348, 2349, 2350, 2356, 2360, 2364, 2365, 2377, 2380, 2385, 2390, 2391, 2395, 2396, 2398, 2399, 2404, 2406, 2413, 2414, 2418, 2420, 2421, 2426, 2431, 2433, 2440, 2451, 2457, 2464, 2470, 2471, 2473, 2474, 2476, 2479, 2482, 2483, 2486, 2488, 2490, 2492, 2493, 2494, 2497, 2498, 2500, 2501, 2502, 2503, 2506, 2507, 2511, 2515, 2518, 2519, 2521, 2523, 2524, 2525, 2526, 2528, 2529, 2533, 2535, 2537, 2539, 2546, 2550, 2554, 2557, 2560, 2568, 2572, 2573, 2578, 2580, 2585, 2589, 2590, 2591, 2594, 2599, 2601, 2602, 2604, 2610, 2614, 2618, 2619, 2620, 2622, 2623, 2625, 2626, 2630, 2631, 2636, 2642, 2646, 2649, 2650, 2651, 2657, 2658, 2660, 2663, 2666, 2670, 2672, 2677, 2681, 2684, 2686, 2688, 2689, 2695, 2698, 2701, 2702, 2706, 2714, 2716, 2717, 2719, 2723, 2725, 2728, 2731, 2733, 2737, 2739, 2742, 2744, 2745, 2751, 2755, 2759, 2763, 2770, 2771, 2774, 2776, 2781, 2783, 2785, 2788, 2790, 2793, 2794, 2795, 2797, 2799, 2806, 2808, 2814, 2821, 2822, 2823, 2824, 2825, 2827, 2828, 2835, 2840, 2843, 2846, 2852, 2858, 2861, 2862, 2865, 2870, 2876, 2877, 2884, 2886, 2889, 2890, 2891, 2894, 2895, 2896, 2899, 2901, 2903, 2906, 2907, 2909, 2912, 2913, 2915, 2921, 2922, 2923, 2927, 2929, 2936, 2938, 2939, 2941, 2944, 2945, 2948, 2955, 2958, 2959, 2960, 2961, 2962, 2963, 2965, 2967, 2969, 2972, 2973, 2976, 2977, 2981, 2988, 2989, 2992, 3002, 3005, 3006, 3007, 3009, 3010, 3012, 3013, 3014, 3017, 3024, 3027, 3029, 3030, 3031, 3032, 3033, 3035, 3036, 3038, 3042, 3045, 3046, 3050, 3053, 3055, 3059, 3060, 3061, 3063, 3064, 3068, 3069, 3073, 3077, 3079, 3080, 3082, 3083, 3085, 3086, 3088, 3090, 3091, 3093, 3095, 3098, 3100, 3103, 3104, 3107, 3108, 3112, 3115, 3116, 3119, 3121, 3123, 3125, 3127, 3129, 3131, 3132, 3134, 3137, 3140, 3141, 3143, 3144, 3146, 3151, 3155, 3160, 3165, 3167, 3169, 3170, 3171, 3172, 3175, 3178, 3180, 3181, 3183, 3185, 3187, 3190, 3191, 3193, 3195, 3197, 3199, 3201, 3202, 3205, 3208, 3210, 3212, 3215, 3219, 3221, 3222, 3224, 3225, 3229, 3230, 3231, 3235, 3237, 3240, 3242, 3244, 3247, 3248, 3250, 3253, 3254, 3255, 3257, 3259, 3261, 3264, 3266, 3268, 3271, 3272, 3276, 3280, 3284, 3285, 3286, 3288, 3289, 3290, 3293, 3294, 3296, 3297, 3306, 3307, 3308, 3309, 3310, 3312, 3316, 3318, 3320, 3321, 3325, 3326, 3330, 3332, 3335, 3337, 3339, 3344, 3348, 3350, 3354, 3359, 3364, 3367, 3373, 3375, 3380, 3384, 3385, 3389, 3392, 3394, 3395, 3397, 3400, 3402, 3403, 3407, 3408, 3410, 3411, 3413, 3414, 3416, 3417, 3419, 3423, 3424, 3426, 3428, 3431, 3433, 3436, 3437, 3439, 3448, 3468, 3471, 3472, 3475, 3479, 3481, 3483, 3485, 3488, 3490, 3493, 3494, 3495, 3496, 3501, 3502, 3504, 3506, 3507, 3509, 3512, 3513, 3515, 3516, 3517, 3519, 3521, 3522, 3524, 3528, 3534, 3537, 3538, 3553, 3557, 3558, 3559, 3561, 3562, 3563, 3566, 3567, 3568, 3569, 3570, 3571, 3573, 3574, 3575, 3580, 3581, 3582, 3583, 3584, 3585, 3586, 3587, 3591, 3592, 3595, 3598, 3600
---------------
that         - frequency: 315  At line 29, 32, 36, 46, 55, 72, 77, 84, 99, 105, 129, 137, 140, 147, 159, 164, 165, 167, 187, 188, 197, 207, 219, 230, 233, 253, 254, 300, 313, 314, 325, 328, 346, 351, 352, 358, 360, 361, 363, 367, 374, 378, 381, 384, 390, 396, 397, 400, 418, 464, 476, 536, 537, 546, 548, 549, 560, 600, 605, 612, 620, 623, 726, 741, 752, 757, 767, 770, 771, 772, 778, 790, 794, 810, 813, 815, 821, 822, 835, 841, 844, 848, 859, 863, 866, 889, 890, 891, 912, 934, 937, 945, 956, 957, 960, 969, 997, 1003, 1007, 1011, 1033, 1049, 1078, 1108, 1114, 1132, 1136, 1142, 1160, 1204, 1206, 1219, 1221, 1224, 1232, 1277, 1281, 1283, 1290, 1292, 1294, 1306, 1313, 1318, 1341, 1356, 1364, 1394, 1418, 1424, 1430, 1432, 1434, 1435, 1439, 1440, 1444, 1447, 1456, 1482, 1499, 1521, 1532, 1537, 1551, 1553, 1567, 1575, 1584, 1587, 1590, 1591, 1596, 1603, 1604, 1607, 1662, 1716, 1719, 1727, 1730, 1733, 1737, 1773, 1800, 1814, 1824, 1830, 1851, 1860, 1863, 1866, 1907, 1978, 1983, 1993, 2006, 2014, 2015, 2022, 2040, 2045, 2053, 2086, 2095, 2138, 2151, 2160, 2208, 2210, 2215, 2225, 2228, 2245, 2261, 2262, 2279, 2281, 2300, 2305, 2314, 2328, 2329, 2333, 2334, 2336, 2338, 2364, 2369, 2371, 2372, 2373, 2374, 2379, 2380, 2398, 2399, 2401, 2406, 2413, 2421, 2432, 2433, 2441, 2443, 2447, 2451, 2454, 2461, 2475, 2484, 2494, 2501, 2520, 2530, 2539, 2551, 2608, 2628, 2652, 2655, 2677, 2688, 2719, 2744, 2805, 2806, 2825, 2827, 2830, 2835, 2859, 2884, 2897, 2912, 2926, 2965, 2977, 3014, 3034, 3041, 3042, 3050, 3055, 3073, 3074, 3075, 3079, 3082, 3101, 3123, 3166, 3173, 3191, 3199, 3205, 3210, 3222, 3228, 3234, 3244, 3280, 3281, 3308, 3317, 3325, 3328, 3348, 3378, 3397, 3410, 3419, 3424, 3426, 3461, 3463, 3471, 3475, 3483, 3494, 3496, 3502, 3509, 3517, 3538, 3546, 3560, 3561
---------------
suddenly     - frequency: 13   At line 26, 46, 108, 127, 562, 845, 1319, 1335, 1627, 1649, 2060, 2745
---------------
such         - frequency: 41   At line 63, 164, 195, 318, 321, 405, 427, 430, 437, 444, 445, 641, 680, 706, 784, 872, 1061, 1138, 1165, 1281, 1292, 1365, 1434, 1774, 1912, 1938, 1994, 1996, 2093, 2196, 2207, 2300, 2330, 2363, 2373, 2588, 2887, 2987, 3308, 3544
---------------
soup         - frequency: 18   At line 1416, 1418, 1452, 1477, 2369, 2511, 2979, 2985, 2988, 2989, 2993, 2995, 2998, 2999, 3003, 3018
---------------
sometimes    - frequency: 5    At line 102, 210, 1309, 2981
---------------
some         - frequency: 51   At line 45, 382, 543, 553, 604, 712, 881, 932, 937, 940, 1022, 1048, 1085, 1144, 1148, 1205, 1373, 1450, 1516, 1547, 1551, 1653, 1663, 1689, 1706, 1710, 1715, 1758, 1766, 1916, 1931, 1979, 2230, 2282, 2527, 2564, 2719, 2877, 2904, 3052, 3093, 3205, 3229, 3284, 3359, 3364, 3420, 3486, 3538
---------------
so           - frequency: 151  At line 23, 29, 30, 46, 60, 94, 146, 150, 171, 186, 210, 224, 231, 236, 252, 256, 299, 300, 347, 355, 373, 388, 400, 402, 414, 428, 443, 449, 455, 560, 562, 600, 619, 682, 751, 782, 786, 791, 828, 895, 918, 944, 989, 1043, 1047, 1087, 1134, 1155, 1159, 1173, 1205, 1206, 1312, 1323, 1356, 1378, 1397, 1436, 1456, 1478, 1483, 1499, 1521, 1526, 1551, 1556, 1567, 1571, 1582, 1587, 1609, 1625, 1642, 1649, 1662, 1722, 1851, 1863, 1871, 1910, 1913, 1919, 1930, 1947, 1965, 1969, 1978, 2070, 2095, 2096, 2105, 2132, 2249, 2260, 2261, 2301, 2313, 2338, 2349, 2365, 2374, 2389, 2393, 2398, 2501, 2502, 2531, 2543, 2554, 2564, 2576, 2608, 2646, 2666, 2673, 2709, 2716, 2761, 2805, 2815, 2818, 2828, 2829, 2830, 2833, 2847, 2889, 2891, 2892, 2911, 2917, 2970, 2976, 2977, 2985, 3034, 3037, 3082, 3084, 3155, 3173, 3180, 3228, 3472, 3475, 3493, 3549, 3578
---------------
sleep        - frequency: 6    At line 1260, 1737, 1738, 1850, 3542
---------------
simple       - frequency: 5    At line 163, 2588, 3592, 3597
---------------
side         - frequency: 17   At line 123, 282, 828, 977, 1183, 1184, 1186, 1364, 2170, 2306, 2313, 2387, 2793, 2892, 3031, 3167
---------------
she          - frequency: 553  At line 18, 23, 31, 32, 36, 38, 43, 47, 50, 51, 52, 53, 54, 56, 57, 59, 60, 70, 82, 85, 88, 89, 91, 103, 104, 105, 108, 111, 112, 117, 118, 124, 125, 127, 132, 133, 134, 138, 140, 142, 150, 151, 153, 160, 161, 166, 174, 186, 187, 189, 190, 193, 194, 197, 199, 200, 201, 202, 204, 209, 210, 211, 213, 220, 227, 229, 230, 236, 252, 253, 255, 265, 266, 278, 281, 283, 287, 288, 293, 294, 298, 300, 301, 307, 313, 314, 315, 318, 320, 321, 330, 345, 357, 358, 359, 360, 362, 363, 364, 369, 376, 377, 378, 379, 384, 385, 388, 393, 394, 395, 396, 402, 405, 414, 418, 427, 428, 430, 432, 455, 484, 495, 496, 548, 576, 580, 585, 600, 601, 602, 611, 619, 700, 705, 706, 708, 719, 721, 723, 724, 725, 738, 739, 742, 748, 752, 755, 758, 760, 761, 762, 767, 774, 775, 776, 780, 781, 786, 787, 789, 794, 796, 798, 799, 804, 806, 816, 824, 828, 830, 835, 844, 845, 846, 847, 848, 853, 874, 881, 883, 900, 901, 903, 906, 921, 930, 933, 939, 944, 945, 946, 950, 951, 954, 960, 961, 967, 968, 972, 977, 989, 993, 1002, 1005, 1007, 1009, 1061, 1068, 1079, 1083, 1159, 1160, 1173, 1189, 1194, 1195, 1198, 1200, 1203, 1204, 1205, 1207, 1218, 1219, 1220, 1226, 1231, 1233, 1235, 1255, 1276, 1277, 1292, 1304, 1305, 1306, 1307, 1309, 1312, 1313, 1319, 1323, 1324, 1334, 1336, 1338, 1342, 1356, 1357, 1378, 1380, 1398, 1410, 1419, 1429, 1434, 1435, 1436, 1451, 1476, 1478, 1482, 1483, 1497, 1511, 1512, 1513, 1519, 1522, 1524, 1527, 1530, 1540, 1551, 1553, 1556, 1558, 1559, 1560, 1562, 1566, 1567, 1569, 1572, 1587, 1603, 1625, 1626, 1638, 1640, 1642, 1643, 1659, 1660, 1662, 1663, 1665, 1686, 1692, 1716, 1742, 1767, 1780, 1800, 1864, 1913, 1930, 1965, 1978, 2003, 2006, 2007, 2010, 2014, 2015, 2017, 2019, 2021, 2022, 2023, 2024, 2025, 2038, 2039, 2060, 2071, 2091, 2092, 2094, 2096, 2100, 2103, 2106, 2112, 2127, 2139, 2150, 2171, 2179, 2188, 2190, 2196, 2203, 2205, 2208, 2209, 2212, 2224, 2225, 2226, 2230, 2231, 2233, 2234, 2241, 2244, 2260, 2261, 2262, 2289, 2295, 2296, 2297, 2299, 2300, 2301, 2310, 2313, 2317, 2323, 2325, 2337, 2344, 2360, 2367, 2370, 2377, 2378, 2386, 2387, 2390, 2392, 2393, 2395, 2405, 2409, 2461, 2467, 2483, 2499, 2520, 2527, 2529, 2531, 2534, 2539, 2542, 2549, 2557, 2558, 2566, 2575, 2576, 2646, 2680, 2681, 2811, 2843, 2849, 2890, 2892, 2893, 2894, 2911, 2912, 2932, 2938, 2951, 2952, 3012, 3036, 3037, 3040, 3041, 3042, 3043, 3051, 3053, 3054, 3068, 3072, 3074, 3080, 3082, 3093, 3149, 3150, 3151, 3152, 3170, 3259, 3261, 3295, 3307, 3308, 3311, 3314, 3315, 3317, 3325, 3328, 3329, 3360, 3361, 3443, 3448, 3456, 3462, 3466, 3474, 3475, 3479, 3503, 3507, 3531, 3535, 3544, 3545, 3547, 3549, 3550, 3552, 3554, 3557, 3559, 3562, 3568, 3578, 3579, 3585, 3590, 3592, 3593, 3596
---------------
sh           - frequency: 2    At line 1939
---------------
said         - frequency: 462  At line 70, 154, 160, 183, 191, 207, 222, 227, 286, 318, 344, 357, 367, 376, 379, 388, 409, 424, 441, 459, 489, 498, 505, 507, 510, 512, 517, 522, 533, 536, 540, 545, 548, 552, 557, 570, 576, 585, 590, 592, 610, 614, 617, 622, 639, 654, 668, 671, 676, 679, 695, 699, 703, 719, 755, 758, 765, 781, 800, 832, 856, 895, 918, 920, 933, 954, 967, 993, 1026, 1033, 1036, 1039, 1045, 1047, 1052, 1054, 1057, 1061, 1064, 1076, 1078, 1081, 1087, 1089, 1092, 1097, 1101, 1111, 1116, 1121, 1126, 1131, 1137, 1142, 1144, 1147, 1157, 1159, 1162, 1165, 1168, 1176, 1189, 1198, 1217, 1224, 1242, 1248, 1258, 1262, 1270, 1273, 1276, 1279, 1285, 1289, 1298, 1302, 1319, 1363, 1371, 1378, 1394, 1403, 1405, 1407, 1409, 1418, 1428, 1432, 1434, 1442, 1444, 1447, 1464, 1468, 1474, 1481, 1510, 1530, 1532, 1544, 1558, 1575, 1578, 1580, 1584, 1590, 1596, 1599, 1601, 1606, 1609, 1615, 1617, 1620, 1623, 1629, 1632, 1635, 1639, 1640, 1642, 1646, 1648, 1651, 1685, 1689, 1694, 1696, 1700, 1702, 1705, 1709, 1713, 1720, 1722, 1729, 1740, 1746, 1750, 1776, 1780, 1783, 1786, 1790, 1795, 1797, 1800, 1803, 1806, 1808, 1814, 1821, 1824, 1827, 1842, 1854, 1866, 1869, 1871, 1880, 1887, 1890, 1901, 1904, 1910, 1916, 1922, 1925, 1936, 1943, 1946, 1950, 1952, 1969, 1973, 1976, 1985, 1987, 1998, 2001, 2010, 2014, 2021, 2042, 2045, 2048, 2051, 2053, 2055, 2063, 2066, 2086, 2099, 2100, 2102, 2105, 2109, 2116, 2123, 2126, 2129, 2134, 2142, 2145, 2150, 2170, 2174, 2176, 2181, 2185, 2186, 2191, 2234, 2237, 2258, 2260, 2267, 2270, 2273, 2278, 2281, 2284, 2289, 2292, 2326, 2344, 2360, 2367, 2385, 2395, 2398, 2401, 2404, 2413, 2420, 2426, 2429, 2431, 2432, 2440, 2447, 2455, 2457, 2458, 2467, 2470, 2488, 2506, 2509, 2511, 2513, 2515, 2520, 2525, 2535, 2537, 2539, 2555, 2557, 2560, 2568, 2576, 2585, 2591, 2597, 2599, 2607, 2612, 2614, 2616, 2618, 2622, 2625, 2640, 2646, 2655, 2657, 2660, 2663, 2666, 2669, 2672, 2684, 2701, 2706, 2709, 2712, 2714, 2725, 2744, 2749, 2751, 2753, 2755, 2759, 2767, 2785, 2804, 2808, 2811, 2814, 2821, 2825, 2827, 2832, 2835, 2838, 2846, 2861, 2862, 2866, 2868, 2870, 2874, 2881, 2884, 2886, 2896, 2899, 2906, 2927, 2929, 2932, 2936, 2938, 2944, 2969, 2977, 3043, 3053, 3088, 3098, 3103, 3112, 3117, 3119, 3123, 3127, 3129, 3140, 3155, 3158, 3160, 3162, 3165, 3170, 3183, 3187, 3191, 3195, 3197, 3199, 3201, 3210, 3219, 3237, 3247, 3250, 3257, 3264, 3266, 3268, 3271, 3273, 3276, 3278, 3288, 3295, 3320, 3323, 3329, 3339, 3342, 3346, 3348, 3351, 3354, 3371, 3373, 3377, 3380, 3382, 3385, 3388, 3392, 3394, 3397, 3400, 3402, 3410, 3413, 3416, 3419, 3424, 3426, 3428, 3431, 3436, 3444, 3472, 3474, 3483, 3487, 3490, 3493, 3498, 3501, 3504, 3506, 3512, 3517, 3519, 3521, 3524, 3526, 3531, 3541, 3544, 3547
---------------
round        - frequency: 41   At line 122, 132, 154, 290, 457, 499, 563, 577, 582, 583, 594, 798, 842, 965, 981, 1001, 1194, 1195, 1340, 1465, 1472, 1590, 1691, 1818, 1869, 2061, 2075, 2110, 2207, 2290, 2318, 2337, 2399, 2412, 2761, 3036, 3070, 3080, 3202, 3512
---------------
room         - frequency: 13   At line 774, 777, 796, 806, 817, 825, 826, 1207, 1513, 1684, 1685, 3152
---------------
ringlets     - frequency: 2    At line 319
---------------
queen        - frequency: 75   At line 1348, 1350, 1512, 1618, 1835, 1855, 2032, 2048, 2069, 2072, 2075, 2089, 2099, 2102, 2109, 2119, 2124, 2129, 2134, 2136, 2138, 2145, 2155, 2160, 2167, 2188, 2190, 2191, 2193, 2220, 2225, 2255, 2258, 2261, 2265, 2285, 2288, 2296, 2319, 2336, 2344, 2476, 2482, 2488, 2492, 2494, 2497, 2503, 2506, 2511, 2515, 2521, 2525, 2531, 2534, 3027, 3093, 3137, 3145, 3169, 3248, 3253, 3280, 3290, 3375, 3392, 3426, 3504, 3506, 3519, 3524, 3528, 3570, 3583
---------------
puppy        - frequency: 7    At line 965, 973, 977, 982, 990, 993
---------------
prizes       - frequency: 5    At line 571, 573, 578, 582
---------------
pat          - frequency: 3    At line 852, 859
---------------
paris        - frequency: 2    At line 327
---------------
ought        - frequency: 14   At line 32, 286, 550, 815, 998, 1062, 1567, 1573, 2067, 2091, 2588, 3112, 3382
---------------
or           - frequency: 77   At line 18, 20, 21, 37, 50, 78, 79, 88, 130, 152, 160, 168, 261, 395, 456, 523, 562, 646, 776, 782, 849, 926, 998, 999, 1003, 1013, 1139, 1180, 1181, 1293, 1295, 1334, 1369, 1389, 1457, 1479, 1521, 1529, 1545, 1601, 1638, 1646, 1894, 1905, 1935, 2006, 2113, 2152, 2195, 2212, 2221, 2233, 2241, 2289, 2300, 2441, 2443, 2483, 2499, 2502, 2513, 2700, 2973, 2996, 3053, 3140, 3175, 3176, 3180, 3212, 3318, 3420, 3452, 3456, 3562
---------------
one          - frequency: 104  At line 57, 60, 75, 85, 123, 129, 203, 216, 231, 267, 281, 282, 296, 300, 358, 408, 431, 550, 558, 567, 577, 583, 706, 712, 797, 799, 808, 814, 816, 821, 828, 863, 884, 903, 939, 944, 966, 995, 1118, 1131, 1155, 1183, 1186, 1281, 1308, 1316, 1366, 1386, 1399, 1413, 1451, 1561, 1649, 1683, 1684, 1686, 1819, 1828, 1880, 1944, 1946, 1956, 1961, 2014, 2039, 2051, 2068, 2132, 2143, 2228, 2242, 2249, 2288, 2304, 2383, 2437, 2513, 2583, 2698, 2891, 2909, 2954, 3032, 3074, 3079, 3085, 3108, 3144, 3171, 3208, 3216, 3221, 3253, 3330, 3382, 3400, 3451, 3474, 3486, 3495, 3508
---------------
off          - frequency: 73   At line 66, 75, 105, 175, 208, 236, 257, 259, 279, 394, 560, 712, 717, 752, 926, 951, 974, 985, 989, 1139, 1182, 1196, 1302, 1403, 1452, 1462, 1469, 1474, 1531, 1563, 1856, 1962, 1992, 2004, 2070, 2120, 2121, 2138, 2146, 2153, 2155, 2214, 2221, 2289, 2293, 2328, 2329, 2345, 2361, 2483, 2497, 2498, 2499, 2501, 2506, 2518, 2527, 2650, 2794, 2822, 2969, 3010, 3127, 3169, 3173, 3253, 3282, 3507, 3528, 3536, 3549, 3570
---------------
not          - frequency: 145  At line 46, 59, 74, 111, 114, 131, 133, 138, 142, 154, 159, 160, 163, 171, 194, 201, 312, 318, 332, 344, 352, 421, 424, 434, 443, 487, 496, 510, 526, 548, 560, 566, 582, 600, 605, 668, 674, 796, 846, 930, 934, 960, 1002, 1012, 1028, 1037, 1052, 1066, 1142, 1144, 1154, 1172, 1242, 1270, 1299, 1324, 1397, 1424, 1429, 1436, 1449, 1457, 1468, 1478, 1532, 1539, 1569, 1587, 1606, 1615, 1625, 1638, 1642, 1659, 1662, 1709, 1729, 1773, 1811, 1827, 1832, 1930, 1965, 1973, 1987, 2048, 2091, 2092, 2112, 2208, 2224, 2260, 2276, 2299, 2301, 2314, 2367, 2389, 2392, 2417, 2436, 2442, 2444, 2461, 2528, 2546, 2575, 2616, 2645, 2706, 2785, 2787, 2789, 2795, 2870, 2951, 2987, 2997, 3047, 3048, 3080, 3083, 3100, 3143, 3166, 3176, 3179, 3328, 3371, 3378, 3410, 3444, 3446, 3487, 3491
---------------
no           - frequency: 90   At line 19, 75, 78, 85, 91, 98, 118, 150, 159, 207, 214, 328, 347, 348, 349, 401, 414, 488, 550, 558, 580, 631, 645, 779, 800, 804, 805, 806, 817, 825, 836, 868, 886, 913, 959, 1081, 1204, 1226, 1230, 1253, 1255, 1281, 1282, 1363, 1366, 1397, 1409, 1455, 1536, 1543, 1552, 1684, 1779, 1793, 1801, 1867, 1938, 1943, 2117, 2185, 2240, 2246, 2252, 2337, 2484, 2502, 2509, 2552, 2709, 2712, 2780, 2866, 2881, 2886, 2978, 3037, 3086, 3160, 3237, 3410, 3417, 3483, 3508, 3519
---------------
never        - frequency: 48   At line 36, 42, 69, 92, 167, 325, 373, 405, 695, 814, 820, 821, 853, 1159, 1281, 1283, 1316, 1321, 1481, 1809, 2010, 2196, 2300, 2330, 2442, 2497, 2513, 2540, 2543, 2544, 2597, 2634, 2636, 2658, 2663, 2707, 2709, 2832, 2838, 2929, 3040, 3169, 3231, 3288, 3503, 3506, 3569
---------------
my           - frequency: 58   At line 97, 116, 143, 144, 191, 257, 348, 390, 460, 530, 694, 714, 715, 721, 739, 832, 940, 955, 956, 1106, 1116, 1117, 1126, 1127, 1128, 1129, 1217, 1225, 1280, 1315, 1317, 1501, 1544, 1613, 1657, 2012, 2043, 2105, 2127, 2274, 2285, 2368, 2379, 2412, 2543, 2768, 2880, 2916, 3110, 3135, 3179, 3247, 3290, 3291, 3461, 3503
---------------
must         - frequency: 44   At line 71, 183, 260, 266, 328, 345, 360, 395, 404, 433, 486, 570, 585, 633, 713, 877, 920, 941, 1031, 1259, 1267, 1511, 1601, 1660, 1758, 2284, 2483, 2526, 2575, 2682, 2749, 2916, 3212, 3269, 3271, 3290, 3317, 3397, 3413, 3420, 3467, 3496
---------------
mouse        - frequency: 44   At line 99, 397, 400, 402, 403, 404, 406, 407, 412, 416, 421, 432, 436, 443, 452, 455, 457, 491, 494, 498, 507, 512, 519, 526, 585, 608, 614, 618, 619, 623, 640, 668, 674, 679, 685, 689, 726, 770, 1994, 3567
---------------
more         - frequency: 49   At line 197, 278, 283, 434, 489, 537, 541, 594, 608, 722, 790, 800, 817, 857, 875, 881, 913, 1041, 1244, 1255, 1256, 1537, 1544, 1553, 1663, 1703, 1916, 1920, 1923, 2003, 2019, 2246, 2315, 2433, 2442, 2576, 2578, 2645, 2835, 3013, 3162, 3205, 3366, 3388, 3452, 3571, 3573
---------------
might        - frequency: 28   At line 99, 129, 151, 191, 287, 553, 702, 969, 1007, 1083, 1084, 1107, 1373, 1375, 1379, 1560, 1729, 1733, 1736, 1799, 2225, 2295, 2314, 2417, 2443, 2910, 3550
---------------
me           - frequency: 68   At line 65, 72, 91, 95, 98, 107, 155, 158, 216, 221, 222, 223, 262, 310, 323, 351, 422, 438, 492, 534, 610, 677, 680, 739, 750, 755, 766, 779, 783, 801, 812, 815, 832, 857, 859, 878, 915, 941, 998, 1055, 1062, 1119, 1242, 1283, 1295, 1298, 1428, 1481, 1528, 1572, 1623, 1998, 2040, 2063, 2138, 2227, 2270, 2278, 2871, 2916, 3171, 3188, 3441, 3442, 3443, 3469
---------------
mary         - frequency: 4    At line 749, 761, 832
---------------
make         - frequency: 27   At line 53, 216, 394, 493, 676, 783, 940, 941, 1183, 1184, 1193, 1470, 1649, 1709, 1852, 2138, 2200, 2326, 2373, 2457, 2640, 2909, 3070, 3074, 3083, 3594
---------------
mad          - frequency: 15   At line 1592, 1594, 1596, 1597, 1599, 1604, 1606, 1613, 1642, 1666, 1673, 1833, 2746
---------------
m            - frequency: 63   At line 98, 254, 258, 275, 312, 318, 319, 321, 328, 344, 348, 353, 451, 720, 784, 816, 854, 878, 913, 914, 1036, 1037, 1041, 1089, 1108, 1144, 1154, 1172, 1242, 1262, 1270, 1276, 1298, 1316, 1364, 1597, 1599, 1612, 1613, 1715, 1877, 1880, 1983, 1985, 1994, 2367, 2413, 2460, 2471, 2657, 3135, 3158, 3178, 3190, 3216, 3228, 3237, 3371
---------------
love         - frequency: 3    At line 273, 2399
---------------
ll           - frequency: 57   At line 64, 83, 91, 95, 96, 159, 222, 224, 262, 266, 322, 329, 349, 352, 446, 447, 460, 492, 631, 651, 652, 657, 708, 739, 756, 766, 782, 783, 816, 821, 842, 877, 887, 921, 933, 1049, 1139, 1176, 1282, 1321, 1544, 1623, 1894, 2010, 2020, 2055, 2292, 2560, 3076, 3141, 3175, 3212, 3476
---------------
live         - frequency: 8    At line 346, 1588, 1639, 1901, 1914, 1932, 2198
---------------
little       - frequency: 128  At line 91, 127, 133, 134, 144, 150, 153, 158, 161, 188, 190, 200, 205, 219, 227, 257, 279, 293, 311, 321, 329, 334, 341, 346, 358, 370, 371, 394, 408, 444, 445, 689, 696, 708, 724, 733, 746, 758, 774, 778, 784, 803, 833, 847, 875, 882, 898, 901, 912, 931, 938, 947, 948, 962, 967, 972, 983, 993, 1050, 1060, 1094, 1164, 1199, 1227, 1276, 1280, 1286, 1295, 1320, 1343, 1350, 1428, 1469, 1486, 1498, 1517, 1519, 1530, 1545, 1556, 1562, 1571, 1637, 1750, 1784, 1837, 1897, 1947, 1993, 2020, 2021, 2025, 2063, 2082, 2189, 2315, 2378, 2396, 2405, 2465, 2468, 2547, 2578, 2579, 2610, 2681, 2751, 2767, 2849, 2881, 2890, 3029, 3055, 3082, 3086, 3297, 3326, 3332, 3507, 3535, 3554, 3557, 3560, 3563, 3590, 3594
---------------
like         - frequency: 85   At line 45, 59, 99, 115, 145, 152, 184, 192, 193, 194, 207, 254, 287, 352, 397, 419, 421, 422, 444, 457, 553, 620, 720, 772, 822, 872, 915, 916, 980, 1003, 1155, 1164, 1221, 1233, 1300, 1340, 1397, 1407, 1430, 1449, 1510, 1518, 1519, 1537, 1539, 1570, 1592, 1617, 1620, 1661, 1663, 1713, 1734, 1842, 1847, 1913, 2040, 2078, 2092, 2120, 2258, 2273, 2279, 2299, 2345, 2389, 2393, 2437, 2441, 2461, 2477, 2528, 2655, 2746, 2751, 2806, 2816, 2835, 2902, 2936, 2973, 3294, 3421, 3490
---------------
least        - frequency: 9    At line 817, 1030, 1248, 1642, 1726, 2005, 2242, 2251
---------------
jury         - frequency: 22   At line 645, 653, 3050, 3056, 3098, 3123, 3131, 3208, 3308, 3318, 3325, 3332, 3348, 3359, 3385, 3411, 3414, 3472, 3479, 3495, 3516
---------------
itself       - frequency: 14   At line 31, 713, 738, 842, 1169, 1181, 1520, 1527, 1821, 1850, 2207, 2211, 2535
---------------
its          - frequency: 57   At line 34, 408, 447, 458, 488, 536, 542, 568, 689, 715, 803, 974, 979, 981, 985, 986, 1011, 1023, 1086, 1177, 1180, 1238, 1263, 1266, 1303, 1472, 1517, 1526, 1536, 1538, 1541, 1551, 1590, 1612, 1680, 1784, 1786, 1787, 1850, 1982, 1991, 2203, 2204, 2205, 2206, 2209, 2241, 2533, 2636, 2742, 2917, 2959, 3327, 3336
---------------
it           - frequency: 595  At line 19, 20, 30, 32, 33, 35, 36, 38, 39, 42, 53, 57, 58, 60, 61, 65, 76, 83, 86, 90, 91, 92, 104, 112, 114, 115, 116, 117, 128, 129, 131, 133, 135, 137, 143, 152, 153, 156, 158, 160, 165, 166, 168, 172, 175, 186, 191, 200, 201, 203, 210, 214, 220, 222, 223, 229, 233, 265, 266, 281, 295, 322, 331, 348, 349, 361, 364, 374, 389, 394, 395, 397, 399, 401, 409, 411, 412, 425, 433, 446, 447, 448, 449, 450, 451, 452, 453, 455, 457, 459, 461, 463, 464, 482, 487, 495, 515, 519, 520, 522, 523, 527, 530, 533, 549, 552, 554, 556, 557, 560, 563, 567, 582, 592, 596, 607, 611, 612, 617, 618, 619, 677, 682, 688, 692, 700, 709, 716, 736, 737, 738, 741, 752, 753, 760, 765, 771, 775, 780, 783, 786, 790, 794, 804, 808, 811, 829, 834, 837, 839, 841, 848, 849, 861, 863, 866, 868, 872, 885, 889, 890, 891, 902, 909, 910, 940, 941, 949, 959, 961, 968, 969, 973, 975, 979, 984, 993, 995, 996, 998, 1006, 1007, 1041, 1042, 1045, 1047, 1050, 1055, 1084, 1085, 1086, 1094, 1104, 1107, 1109, 1124, 1128, 1147, 1152, 1168, 1169, 1172, 1176, 1179, 1181, 1183, 1190, 1193, 1194, 1195, 1200, 1207, 1225, 1233, 1258, 1282, 1289, 1295, 1298, 1299, 1302, 1306, 1312, 1313, 1320, 1321, 1339, 1342, 1378, 1385, 1397, 1398, 1399, 1421, 1422, 1429, 1432, 1435, 1450, 1456, 1457, 1461, 1462, 1465, 1470, 1479, 1483, 1488, 1489, 1510, 1514, 1516, 1519, 1521, 1522, 1524, 1525, 1527, 1529, 1531, 1536, 1537, 1540, 1546, 1550, 1552, 1553, 1554, 1557, 1558, 1559, 1565, 1566, 1567, 1570, 1571, 1580, 1603, 1611, 1612, 1615, 1617, 1620, 1627, 1632, 1635, 1637, 1641, 1642, 1651, 1653, 1656, 1660, 1662, 1665, 1666, 1677, 1679, 1681, 1684, 1691, 1696, 1699, 1702, 1710, 1719, 1740, 1746, 1747, 1748, 1756, 1759, 1761, 1762, 1763, 1767, 1768, 1770, 1771, 1774, 1779, 1793, 1800, 1804, 1814, 1817, 1821, 1825, 1828, 1834, 1842, 1844, 1852, 1861, 1866, 1884, 1894, 1895, 1913, 1922, 1935, 1936, 1979, 1982, 1992, 2011, 2015, 2023, 2036, 2037, 2042, 2055, 2069, 2085, 2095, 2100, 2117, 2142, 2157, 2170, 2185, 2197, 2206, 2210, 2215, 2225, 2232, 2233, 2234, 2238, 2240, 2241, 2245, 2246, 2252, 2255, 2262, 2270, 2271, 2273, 2274, 2284, 2300, 2307, 2310, 2312, 2313, 2314, 2318, 2325, 2329, 2337, 2338, 2341, 2342, 2348, 2350, 2364, 2369, 2374, 2381, 2383, 2386, 2392, 2393, 2401, 2404, 2429, 2431, 2437, 2441, 2443, 2448, 2449, 2454, 2462, 2511, 2529, 2530, 2533, 2534, 2539, 2543, 2551, 2560, 2592, 2595, 2622, 2625, 2634, 2637, 2640, 2646, 2657, 2658, 2680, 2684, 2701, 2712, 2749, 2751, 2780, 2792, 2804, 2805, 2832, 2836, 2838, 2840, 2868, 2881, 2891, 2899, 2901, 2904, 2911, 2929, 2936, 2938, 2944, 2949, 2951, 2966, 3006, 3010, 3012, 3034, 3047, 3054, 3056, 3081, 3082, 3084, 3086, 3117, 3129, 3149, 3158, 3185, 3197, 3199, 3202, 3223, 3226, 3231, 3234, 3238, 3260, 3291, 3328, 3329, 3359, 3361, 3378, 3380, 3382, 3392, 3394, 3397, 3400, 3402, 3404, 3411, 3416, 3419, 3423, 3428, 3447, 3464, 3474, 3477, 3480, 3483, 3490, 3494, 3498, 3508, 3510, 3515, 3547, 3548, 3550, 3572
---------------
is           - frequency: 108  At line 20, 87, 88, 168, 193, 194, 308, 312, 322, 323, 324, 327, 374, 391, 400, 427, 430, 443, 461, 499, 523, 548, 552, 563, 573, 611, 614, 617, 702, 757, 781, 790, 897, 903, 915, 955, 956, 998, 999, 1043, 1055, 1078, 1104, 1114, 1136, 1142, 1147, 1165, 1168, 1198, 1225, 1318, 1479, 1641, 1713, 1730, 1734, 1737, 1740, 1746, 1768, 1771, 1776, 1783, 1830, 1863, 2055, 2067, 2099, 2105, 2127, 2228, 2252, 2381, 2398, 2406, 2409, 2413, 2421, 2431, 2433, 2434, 2438, 2441, 2509, 2511, 2524, 2537, 2549, 2634, 2637, 2643, 2710, 2712, 2793, 2794, 2823, 2827, 2921, 2965, 3012, 3222, 3238, 3400
---------------
in           - frequency: 370  At line 1, 3, 20, 23, 29, 39, 42, 43, 73, 74, 98, 101, 106, 111, 113, 115, 119, 135, 150, 156, 159, 172, 191, 207, 212, 220, 221, 233, 277, 287, 293, 296, 297, 301, 309, 312, 318, 319, 341, 346, 365, 368, 376, 377, 378, 380, 382, 385, 390, 393, 397, 401, 406, 415, 421, 424, 428, 441, 450, 453, 459, 493, 494, 533, 536, 545, 556, 568, 569, 578, 580, 581, 588, 608, 611, 624, 685, 688, 700, 715, 716, 719, 721, 724, 725, 733, 741, 745, 749, 752, 760, 761, 769, 771, 775, 795, 814, 816, 825, 842, 846, 859, 874, 879, 897, 902, 915, 932, 940, 948, 951, 955, 963, 967, 969, 970, 978, 990, 1022, 1024, 1043, 1067, 1095, 1106, 1113, 1116, 1126, 1159, 1172, 1176, 1180, 1182, 1190, 1217, 1218, 1232, 1233, 1234, 1236, 1244, 1256, 1265, 1279, 1280, 1302, 1307, 1310, 1313, 1320, 1335, 1337, 1339, 1347, 1349, 1363, 1371, 1373, 1380, 1389, 1392, 1394, 1409, 1410, 1414, 1418, 1421, 1424, 1435, 1439, 1460, 1464, 1493, 1517, 1529, 1531, 1547, 1551, 1590, 1591, 1633, 1638, 1639, 1642, 1657, 1659, 1676, 1686, 1689, 1737, 1758, 1759, 1779, 1800, 1817, 1819, 1821, 1844, 1847, 1850, 1860, 1887, 1898, 1902, 1919, 1973, 1976, 2004, 2012, 2016, 2017, 2019, 2024, 2025, 2042, 2066, 2068, 2083, 2085, 2100, 2134, 2142, 2158, 2176, 2189, 2193, 2194, 2195, 2197, 2202, 2203, 2207, 2211, 2212, 2219, 2220, 2222, 2232, 2242, 2245, 2248, 2250, 2258, 2281, 2296, 2299, 2301, 2303, 2307, 2337, 2344, 2363, 2365, 2367, 2368, 2381, 2409, 2452, 2474, 2476, 2479, 2484, 2486, 2493, 2503, 2518, 2523, 2543, 2546, 2550, 2560, 2580, 2592, 2594, 2604, 2619, 2636, 2653, 2666, 2667, 2669, 2688, 2701, 2702, 2728, 2739, 2819, 2822, 2823, 2829, 2844, 2852, 2855, 2868, 2876, 2886, 2922, 2932, 2933, 2944, 2952, 2977, 2981, 2986, 3007, 3030, 3032, 3033, 3040, 3041, 3063, 3067, 3068, 3076, 3107, 3108, 3109, 3116, 3145, 3166, 3172, 3178, 3193, 3229, 3260, 3268, 3273, 3284, 3289, 3306, 3307, 3308, 3314, 3316, 3320, 3321, 3325, 3326, 3327, 3330, 3351, 3355, 3365, 3380, 3385, 3389, 3392, 3402, 3407, 3457, 3475, 3477, 3480, 3483, 3487, 3515, 3537, 3548, 3578, 3581, 3587, 3591, 3597
---------------
if           - frequency: 96   At line 66, 82, 142, 145, 165, 167, 189, 222, 223, 299, 301, 309, 312, 315, 322, 330, 348, 351, 352, 422, 426, 434, 437, 456, 484, 496, 499, 549, 702, 722, 737, 757, 771, 921, 925, 939, 996, 1164, 1189, 1258, 1289, 1299, 1368, 1374, 1375, 1390, 1464, 1476, 1510, 1527, 1541, 1543, 1557, 1561, 1584, 1632, 1803, 1815, 1940, 2069, 2094, 2157, 2251, 2274, 2336, 2386, 2441, 2448, 2451, 2524, 2548, 2565, 2583, 2642, 2700, 2815, 2835, 2861, 2870, 2904, 2933, 2966, 2976, 3046, 3072, 3202, 3234, 3271, 3356, 3419, 3448, 3456, 3474, 3483
---------------
i            - frequency: 545  At line 12, 31, 63, 65, 66, 69, 70, 71, 72, 77, 78, 82, 84, 86, 92, 95, 96, 97, 98, 100, 144, 145, 159, 183, 192, 208, 222, 223, 224, 254, 257, 258, 259, 260, 262, 275, 288, 299, 309, 310, 311, 312, 313, 318, 319, 320, 321, 322, 323, 325, 328, 329, 344, 345, 346, 348, 349, 350, 351, 352, 353, 354, 355, 359, 360, 373, 379, 388, 389, 400, 403, 411, 417, 419, 425, 426, 431, 437, 441, 444, 447, 451, 460, 461, 486, 492, 499, 507, 510, 512, 522, 536, 540, 541, 545, 554, 628, 631, 636, 651, 652, 657, 671, 672, 674, 679, 682, 699, 702, 707, 713, 719, 720, 721, 722, 740, 741, 756, 757, 766, 769, 770, 780, 782, 783, 784, 790, 791, 800, 810, 812, 813, 814, 816, 820, 822, 842, 854, 872, 873, 877, 878, 884, 890, 891, 897, 898, 913, 914, 915, 921, 925, 933, 939, 941, 954, 957, 995, 996, 997, 998, 1029, 1030, 1031, 1036, 1037, 1039, 1041, 1042, 1049, 1055, 1062, 1070, 1089, 1090, 1094, 1107, 1108, 1109, 1111, 1117, 1126, 1136, 1138, 1139, 1144, 1154, 1157, 1164, 1172, 1173, 1225, 1242, 1244, 1245, 1248, 1251, 1259, 1260, 1262, 1265, 1266, 1267, 1270, 1273, 1276, 1280, 1282, 1285, 1289, 1290, 1294, 1298, 1299, 1300, 1316, 1317, 1319, 1322, 1364, 1371, 1375, 1380, 1382, 1392, 1402, 1405, 1439, 1444, 1479, 1481, 1501, 1502, 1511, 1527, 1544, 1549, 1550, 1559, 1572, 1578, 1582, 1594, 1597, 1599, 1609, 1612, 1613, 1615, 1620, 1629, 1635, 1639, 1648, 1655, 1656, 1666, 1681, 1692, 1702, 1715, 1716, 1726, 1727, 1730, 1731, 1733, 1734, 1737, 1738, 1752, 1780, 1787, 1793, 1795, 1797, 1799, 1803, 1806, 1809, 1811, 1812, 1821, 1825, 1832, 1835, 1838, 1842, 1854, 1861, 1869, 1877, 1880, 1886, 1887, 1919, 1920, 1943, 1944, 1955, 1966, 1970, 1998, 2010, 2011, 2016, 2020, 2042, 2048, 2055, 2107, 2116, 2145, 2185, 2186, 2234, 2248, 2253, 2254, 2273, 2276, 2281, 2282, 2285, 2292, 2359, 2367, 2368, 2373, 2380, 2381, 2412, 2413, 2414, 2429, 2436, 2440, 2447, 2448, 2451, 2457, 2458, 2460, 2467, 2482, 2509, 2513, 2526, 2527, 2543, 2560, 2561, 2565, 2568, 2597, 2607, 2625, 2626, 2634, 2638, 2657, 2660, 2663, 2706, 2708, 2759, 2805, 2811, 2814, 2818, 2832, 2835, 2838, 2846, 2850, 2861, 2862, 2871, 2876, 2880, 2882, 2902, 2910, 2915, 2916, 2926, 2929, 2936, 2949, 2954, 2967, 2969, 3035, 3052, 3108, 3109, 3110, 3116, 3134, 3135, 3141, 3155, 3156, 3158, 3165, 3175, 3178, 3179, 3190, 3193, 3197, 3205, 3210, 3212, 3216, 3223, 3228, 3231, 3237, 3247, 3271, 3314, 3329, 3354, 3371, 3377, 3394, 3416, 3417, 3433, 3444, 3446, 3451, 3456, 3476, 3485, 3486, 3487, 3490, 3495, 3504, 3526, 3544
---------------
hush         - frequency: 3    At line 2176, 2189
---------------
house        - frequency: 18   At line 66, 347, 444, 625, 758, 762, 771, 835, 920, 946, 1320, 1324, 1334, 1384, 1660, 1662, 1676
---------------
his          - frequency: 96   At line 335, 340, 437, 529, 726, 727, 755, 757, 909, 1106, 1116, 1126, 1137, 1337, 1339, 1345, 1378, 1379, 1386, 1402, 1460, 1707, 1712, 1737, 1746, 1747, 1748, 1762, 1763, 1766, 1808, 1832, 1834, 1856, 1886, 1963, 2055, 2058, 2059, 2126, 2177, 2178, 2221, 2289, 2331, 2498, 2515, 2526, 2548, 2549, 2551, 2650, 2666, 2699, 2700, 2701, 2703, 2745, 2792, 2824, 2917, 2918, 2924, 2941, 2942, 2949, 2954, 3043, 3045, 3069, 3075, 3145, 3173, 3215, 3251, 3253, 3272, 3273, 3282, 3297, 3365, 3366, 3384, 3426, 3433, 3472, 3485, 3490, 3508, 3510, 3567, 3569
---------------
him          - frequency: 43   At line 513, 528, 569, 757, 907, 909, 1336, 1338, 1387, 1409, 1487, 1502, 1804, 1815, 1958, 2055, 2129, 2548, 2549, 2581, 2583, 2585, 2663, 2701, 2702, 2865, 2915, 3031, 3076, 3081, 3115, 3281, 3282, 3352, 3442, 3451, 3453, 3464, 3466, 3476, 3495, 3498
---------------
herself      - frequency: 83   At line 47, 63, 101, 119, 191, 204, 208, 209, 210, 212, 213, 227, 265, 307, 315, 361, 368, 379, 397, 427, 483, 585, 676, 719, 755, 765, 781, 789, 800, 824, 896, 903, 925, 933, 951, 954, 976, 994, 1005, 1009, 1061, 1173, 1187, 1198, 1310, 1314, 1324, 1378, 1398, 1419, 1549, 1558, 1561, 1640, 1664, 1665, 1912, 1931, 2019, 2021, 2025, 2106, 2234, 2364, 2367, 2386, 2410, 2520, 2565, 2708, 2812, 3043, 3054, 3295, 3329, 3362, 3536, 3557, 3578, 3590, 3591
---------------
here         - frequency: 51   At line 56, 98, 100, 154, 349, 353, 355, 400, 403, 558, 592, 699, 720, 722, 750, 768, 814, 818, 825, 854, 856, 879, 885, 888, 892, 1066, 1382, 1402, 1510, 1573, 1588, 1596, 1601, 1740, 1850, 1864, 2067, 2140, 2227, 2345, 2433, 2473, 2542, 2557, 2823, 3137, 3160, 3221, 3242, 3306
---------------
her          - frequency: 248  At line 17, 19, 23, 24, 27, 32, 36, 51, 58, 73, 75, 76, 97, 106, 111, 112, 135, 142, 187, 202, 211, 212, 219, 228, 255, 277, 290, 294, 299, 301, 318, 330, 331, 345, 357, 376, 377, 380, 389, 406, 407, 408, 413, 416, 426, 429, 433, 452, 458, 484, 494, 577, 580, 581, 594, 620, 677, 694, 706, 707, 720, 744, 749, 774, 778, 780, 787, 788, 798, 805, 834, 846, 874, 900, 903, 932, 939, 963, 965, 966, 970, 988, 1002, 1004, 1006, 1010, 1013, 1024, 1070, 1078, 1084, 1099, 1160, 1195, 1200, 1206, 1207, 1219, 1222, 1230, 1231, 1232, 1236, 1237, 1238, 1252, 1304, 1307, 1310, 1357, 1374, 1429, 1436, 1453, 1456, 1469, 1474, 1482, 1511, 1513, 1514, 1554, 1913, 1932, 1950, 2005, 2007, 2011, 2024, 2087, 2092, 2099, 2102, 2113, 2116, 2119, 2120, 2126, 2163, 2170, 2172, 2178, 2197, 2202, 2204, 2207, 2222, 2232, 2243, 2244, 2261, 2297, 2300, 2301, 2305, 2314, 2315, 2324, 2342, 2345, 2360, 2363, 2365, 2378, 2389, 2391, 2405, 2464, 2474, 2476, 2486, 2489, 2493, 2499, 2539, 2560, 2681, 2689, 2762, 2824, 2850, 2889, 2891, 2893, 2894, 2902, 2903, 2911, 2932, 2978, 3038, 3055, 3137, 3149, 3153, 3156, 3260, 3278, 3296, 3309, 3311, 3316, 3325, 3441, 3451, 3495, 3528, 3531, 3535, 3537, 3539, 3541, 3545, 3547, 3552, 3553, 3554, 3555, 3558, 3559, 3560, 3561, 3563, 3566, 3570, 3592, 3593, 3594, 3598
---------------
hedgehog     - frequency: 7    At line 2206, 2210, 2213, 2255, 2301, 2303
---------------
head         - frequency: 50   At line 142, 143, 228, 277, 542, 689, 787, 798, 909, 939, 963, 978, 1103, 1217, 1231, 1379, 1385, 1474, 1680, 1786, 1808, 1832, 1856, 1863, 2102, 2120, 2206, 2209, 2221, 2222, 2242, 2268, 2289, 2329, 2333, 2347, 2483, 2499, 2911, 3225, 3253, 3316, 3326, 3490, 3528, 3537, 3553, 3560
---------------
he           - frequency: 125  At line 297, 298, 304, 339, 449, 450, 588, 623, 755, 756, 861, 895, 1116, 1337, 1346, 1376, 1377, 1378, 1379, 1402, 1410, 1487, 1488, 1489, 1502, 1503, 1504, 1705, 1713, 1746, 1753, 1762, 1783, 1814, 1815, 1832, 1833, 1855, 1861, 1886, 1946, 1958, 2060, 2143, 2176, 2177, 2279, 2285, 2293, 2329, 2330, 2347, 2348, 2417, 2515, 2551, 2565, 2583, 2585, 2592, 2652, 2661, 2663, 2666, 2699, 2700, 2703, 2768, 2785, 2825, 2871, 2903, 2904, 2917, 2921, 2942, 3045, 3046, 3047, 3075, 3084, 3095, 3107, 3109, 3117, 3143, 3145, 3166, 3173, 3199, 3202, 3216, 3273, 3289, 3293, 3322, 3323, 3351, 3352, 3356, 3385, 3403, 3404, 3413, 3434, 3446, 3458, 3485, 3488, 3490, 3491, 3493, 3496, 3504, 3508, 3509
---------------
hand         - frequency: 21   At line 106, 228, 296, 580, 592, 846, 874, 1196, 1199, 2082, 2083, 2126, 2274, 3009, 3032, 3036, 3108, 3260, 3413, 3553
---------------
half         - frequency: 23   At line 151, 290, 427, 448, 541, 561, 611, 725, 787, 886, 986, 1315, 1637, 1819, 1828, 2006, 2484, 2501, 2535, 3535, 3578
---------------
had          - frequency: 178  At line 18, 19, 36, 46, 51, 73, 78, 105, 123, 133, 147, 161, 162, 164, 166, 172, 199, 204, 231, 358, 378, 379, 380, 385, 397, 405, 413, 414, 418, 464, 482, 484, 501, 549, 561, 580, 582, 596, 606, 671, 674, 699, 726, 737, 746, 753, 762, 774, 775, 786, 787, 788, 795, 803, 836, 849, 853, 925, 930, 960, 1005, 1083, 1159, 1189, 1200, 1233, 1236, 1237, 1256, 1260, 1277, 1305, 1309, 1312, 1324, 1341, 1356, 1369, 1374, 1390, 1524, 1531, 1537, 1557, 1566, 1627, 1632, 1653, 1659, 1663, 1705, 1746, 1766, 1835, 1852, 1919, 1962, 1991, 2014, 2023, 2051, 2058, 2071, 2095, 2145, 2196, 2199, 2205, 2209, 2210, 2224, 2225, 2244, 2288, 2297, 2310, 2329, 2330, 2333, 2338, 2348, 2364, 2377, 2436, 2444, 2448, 2492, 2500, 2520, 2521, 2546, 2604, 2619, 2646, 2700, 2746, 2829, 2904, 2932, 2959, 3005, 3040, 3075, 3079, 3083, 3115, 3169, 3223, 3285, 3286, 3307, 3311, 3317, 3326, 3332, 3333, 3364, 3424, 3441, 3446, 3461, 3462, 3474, 3503, 3507, 3531, 3538, 3542, 3544, 3547, 3550, 3579
---------------
gryphon      - frequency: 55   At line 2523, 2524, 2528, 2533, 2535, 2539, 2550, 2557, 2572, 2589, 2591, 2601, 2636, 2642, 2658, 2660, 2666, 2677, 2688, 2701, 2714, 2719, 2723, 2729, 2733, 2737, 2742, 2756, 2759, 2825, 2827, 2836, 2840, 2846, 2852, 2858, 2877, 2886, 2899, 2903, 2907, 2927, 2938, 2948, 2969, 2973, 2977, 3005, 3009, 3012, 3060, 3063, 3573, 3584
---------------
get          - frequency: 46   At line 17, 43, 100, 125, 140, 142, 224, 282, 325, 459, 481, 496, 546, 739, 768, 770, 791, 820, 842, 847, 946, 979, 1176, 1231, 1318, 1371, 1380, 1392, 1394, 1469, 1512, 1550, 1575, 1582, 1734, 1871, 2134, 2193, 2231, 2830, 3035, 3151, 3245, 3255, 3561
---------------
gave         - frequency: 15   At line 209, 416, 903, 1128, 1293, 2188, 2783, 2850, 3443, 3451, 3452, 3495, 3535
---------------
four         - frequency: 8    At line 72, 290, 323, 324, 1320, 1471, 1478
---------------
found        - frequency: 32   At line 47, 118, 137, 153, 199, 201, 220, 361, 363, 514, 517, 519, 527, 762, 774, 787, 947, 951, 1047, 1194, 1219, 1235, 2019, 2025, 2202, 2325, 2371, 3081, 3333, 3508, 3536
---------------
ferrets      - frequency: 2    At line 740
---------------
far          - frequency: 13   At line 257, 259, 900, 1195, 1222, 1571, 2546, 2735, 2783, 2792, 2966, 3493
---------------
even         - frequency: 19   At line 66, 142, 514, 796, 1421, 1455, 1664, 1809, 2289, 2474, 2509, 2565, 2707, 3074, 3251, 3260, 3429, 3595
---------------
enough       - frequency: 18   At line 216, 493, 522, 696, 790, 887, 946, 1136, 1258, 1294, 1399, 1585, 2204, 2238, 2245, 2688, 3360
---------------
eat          - frequency: 18   At line 100, 102, 103, 107, 221, 222, 604, 708, 782, 939, 970, 998, 1003, 1205, 1286, 1730
---------------
ear          - frequency: 6    At line 1426, 1526, 1748, 2178, 2378
---------------
e            - frequency: 6    At line 2992, 3002, 3017
---------------
duchess      - frequency: 42   At line 298, 738, 1347, 1350, 1413, 1422, 1432, 1442, 1447, 1453, 1455, 1464, 1474, 1481, 1497, 1510, 2174, 2342, 2348, 2360, 2367, 2377, 2385, 2390, 2398, 2404, 2413, 2420, 2426, 2431, 2440, 2451, 2457, 2464, 2470, 2473, 2479, 2486, 3259, 3572
---------------
drawling     - frequency: 3    At line 2651, 2653
---------------
down         - frequency: 102  At line 14, 40, 42, 46, 48, 51, 53, 57, 64, 69, 72, 94, 98, 108, 114, 123, 124, 138, 205, 255, 281, 283, 290, 349, 350, 352, 355, 357, 400, 436, 492, 493, 542, 607, 617, 720, 789, 795, 797, 810, 889, 891, 892, 893, 895, 900, 920, 965, 985, 1078, 1139, 1182, 1220, 1231, 1233, 1268, 1303, 1310, 1325, 1460, 1498, 1551, 1556, 1686, 1699, 2024, 2058, 2091, 2095, 2143, 2195, 2204, 2209, 2243, 2349, 2448, 2561, 2564, 2703, 2747, 2849, 2932, 3061, 3063, 3073, 3123, 3124, 3216, 3234, 3240, 3285, 3349, 3359, 3479, 3510, 3535, 3538
---------------
dormouse     - frequency: 40   At line 1678, 1680, 1736, 1783, 1786, 1850, 1883, 1884, 1886, 1898, 1904, 1910, 1932, 1935, 1939, 1946, 1952, 1958, 1959, 1965, 1973, 1976, 1978, 1981, 1991, 2004, 2008, 3116, 3121, 3155, 3160, 3165, 3170, 3201, 3203, 3208, 3280, 3281, 3285
---------------
door         - frequency: 30   At line 124, 134, 137, 150, 188, 199, 224, 279, 370, 746, 758, 791, 797, 839, 840, 946, 1113, 1338, 1359, 1361, 1365, 1374, 1384, 1410, 1412, 2015, 2022, 3255, 3261
---------------
don          - frequency: 61   At line 225, 424, 438, 456, 540, 541, 770, 872, 879, 886, 887, 909, 1039, 1090, 1137, 1157, 1289, 1300, 1444, 1447, 1481, 1528, 1531, 1578, 1594, 1692, 1780, 1806, 1808, 1880, 1966, 1999, 2039, 2185, 2248, 2250, 2273, 2278, 2282, 2412, 2454, 2457, 2460, 2509, 2524, 2561, 2565, 2592, 2642, 2814, 2863, 2874, 2966, 3140, 3162, 3428, 3466, 3476, 3485, 3512
---------------
do           - frequency: 81   At line 18, 90, 92, 94, 100, 102, 159, 281, 332, 354, 402, 455, 541, 552, 580, 618, 638, 677, 679, 688, 699, 783, 791, 800, 812, 873, 877, 887, 891, 921, 925, 928, 934, 954, 996, 1033, 1084, 1087, 1104, 1109, 1124, 1138, 1152, 1287, 1289, 1321, 1335, 1405, 1442, 1444, 1522, 1544, 1550, 1560, 1584, 1599, 1604, 1617, 1719, 1726, 1799, 1803, 1815, 1861, 1892, 2258, 2330, 2501, 2558, 2669, 2756, 2805, 2836, 2970, 3188, 3323, 3336, 3339, 3490
---------------
did          - frequency: 63   At line 29, 59, 107, 332, 443, 496, 508, 512, 524, 526, 600, 786, 846, 890, 918, 972, 1002, 1124, 1207, 1323, 1397, 1424, 1449, 1483, 1539, 1569, 1638, 1646, 1662, 1901, 1914, 1930, 1932, 1950, 1965, 1966, 1995, 2081, 2132, 2183, 2299, 2389, 2392, 2461, 2528, 2583, 2599, 2645, 2666, 2669, 2686, 2951, 3047, 3082, 3112, 3143, 3195, 3208, 3417, 3491, 3496
---------------
dear         - frequency: 29   At line 31, 97, 275, 308, 322, 324, 350, 353, 427, 450, 455, 530, 643, 694, 721, 739, 993, 997, 1544, 2127, 2285, 2359, 2379, 3290, 3504, 3541, 3548
---------------
day          - frequency: 29   At line 24, 308, 391, 554, 1043, 1048, 1138, 1260, 1277, 1389, 1470, 1529, 1618, 1745, 1767, 2170, 2479, 2592, 2605, 2607, 2669, 2672, 2678, 2681, 3085, 3094, 3424, 3517
---------------
curiouser    - frequency: 2    At line 252
---------------
creatures    - frequency: 10   At line 466, 1173, 1399, 2667, 2745, 2891, 2909, 3051, 3563
---------------
course       - frequency: 26   At line 481, 519, 556, 558, 576, 587, 1773, 1787, 1808, 1976, 2431, 2500, 2626, 2630, 2684, 2725, 2809, 2815, 2858, 2870, 3079, 3187, 3351, 3354, 3495
---------------
could        - frequency: 77   At line 23, 90, 142, 145, 194, 201, 281, 304, 315, 362, 425, 426, 452, 566, 600, 602, 605, 707, 871, 878, 900, 921, 951, 1066, 1079, 1219, 1304, 1366, 1375, 1419, 1440, 1481, 1499, 1522, 1536, 1552, 1587, 1742, 1763, 1781, 1827, 1970, 2003, 2092, 2112, 2208, 2231, 2307, 2333, 2341, 2393, 2451, 2548, 2575, 2601, 2787, 2789, 2859, 2880, 2941, 3072, 3074, 3080, 3083, 3255, 3315, 3360, 3444, 3487, 3545, 3559, 3568
---------------
cats         - frequency: 13   At line 100, 102, 103, 419, 421, 422, 426, 438, 456, 461, 1439, 1440
---------------
capital      - frequency: 4    At line 327, 430, 706
---------------
can          - frequency: 63   At line 223, 260, 311, 320, 359, 379, 401, 448, 707, 740, 757, 791, 800, 812, 824, 898, 941, 1036, 1041, 1042, 1089, 1092, 1138, 1224, 1226, 1273, 1290, 1378, 1442, 1503, 1596, 1716, 1719, 1920, 1922, 1940, 1969, 2160, 2249, 2359, 2380, 2386, 2448, 2565, 2657, 2709, 2735, 2756, 2780, 2835, 2899, 2938, 3061, 3156, 3158, 3210, 3237, 3417, 3474, 3488, 3502
---------------
bill         - frequency: 17   At line 733, 885, 888, 890, 892, 895, 896, 897, 903, 907, 912, 948, 2620, 3083, 3507
---------------
because      - frequency: 15   At line 163, 1036, 1337, 1364, 1365, 1489, 1661, 1774, 2390, 2585, 2678, 2882, 3043, 3051
---------------
beautiful    - frequency: 13   At line 1318, 2026, 2985, 2988, 2989, 2993, 2995, 2998, 2999, 3003, 3018
---------------
be           - frequency: 148  At line 25, 31, 71, 72, 114, 118, 143, 150, 183, 192, 214, 215, 230, 256, 259, 260, 286, 299, 320, 345, 349, 360, 389, 390, 391, 395, 399, 404, 424, 433, 489, 491, 546, 606, 612, 647, 651, 653, 694, 713, 744, 756, 762, 765, 766, 805, 815, 821, 837, 877, 887, 897, 898, 957, 969, 970, 981, 998, 1054, 1067, 1139, 1152, 1164, 1166, 1173, 1204, 1219, 1224, 1230, 1235, 1259, 1267, 1282, 1302, 1316, 1318, 1336, 1373, 1397, 1416, 1450, 1468, 1478, 1529, 1536, 1552, 1553, 1567, 1587, 1601, 1640, 1641, 1660, 1666, 1737, 1824, 1825, 1894, 1913, 1940, 1944, 2049, 2094, 2107, 2150, 2224, 2234, 2278, 2284, 2298, 2333, 2374, 2393, 2441, 2442, 2445, 2483, 2530, 2575, 2588, 2592, 2607, 2749, 2780, 2814, 2899, 2910, 2976, 3037, 3076, 3140, 3294, 3317, 3330, 3382, 3395, 3447, 3456, 3467, 3494, 3496, 3502, 3580, 3591
---------------
bats         - frequency: 4    At line 100, 102, 103
---------------
at           - frequency: 212  At line 33, 35, 54, 65, 86, 97, 131, 152, 187, 198, 255, 278, 319, 325, 357, 367, 394, 401, 407, 485, 491, 493, 528, 534, 569, 577, 607, 618, 709, 712, 752, 791, 808, 817, 826, 842, 868, 873, 881, 886, 915, 922, 932, 950, 965, 969, 974, 975, 978, 982, 984, 989, 1002, 1022, 1023, 1029, 1030, 1060, 1086, 1104, 1113, 1192, 1195, 1205, 1207, 1217, 1267, 1308, 1313, 1323, 1334, 1338, 1356, 1379, 1384, 1385, 1394, 1449, 1452, 1453, 1476, 1484, 1511, 1532, 1539, 1569, 1603, 1625, 1626, 1642, 1677, 1684, 1686, 1706, 1726, 1747, 1753, 1761, 1762, 1827, 1834, 1838, 1880, 1884, 1899, 1914, 1932, 1952, 2010, 2012, 2016, 2023, 2025, 2036, 2066, 2071, 2079, 2086, 2093, 2099, 2116, 2119, 2162, 2170, 2185, 2202, 2218, 2232, 2241, 2248, 2251, 2254, 2260, 2268, 2273, 2278, 2281, 2285, 2299, 2320, 2325, 2331, 2368, 2370, 2417, 2521, 2524, 2554, 2568, 2578, 2590, 2619, 2622, 2699, 2702, 2742, 2747, 2805, 2811, 2849, 2891, 2903, 2910, 3035, 3037, 3046, 3047, 3056, 3083, 3115, 3137, 3143, 3144, 3148, 3150, 3165, 3169, 3201, 3224, 3229, 3230, 3248, 3262, 3268, 3272, 3296, 3317, 3322, 3325, 3352, 3364, 3369, 3377, 3402, 3417, 3423, 3436, 3486, 3506, 3528, 3534, 3566
---------------
arm          - frequency: 15   At line 798, 799, 861, 863, 866, 1345, 1686, 2126, 2204, 2314, 2360, 2412, 2475, 3116
---------------
ann          - frequency: 4    At line 749, 761, 832
---------------
all          - frequency: 182  At line 33, 65, 86, 112, 122, 123, 127, 158, 163, 288, 290, 307, 314, 319, 320, 322, 328, 346, 355, 369, 413, 417, 432, 447, 450, 478, 484, 492, 493, 498, 499, 534, 557, 563, 570, 583, 594, 597, 599, 688, 716, 717, 826, 866, 873, 883, 910, 914, 937, 950, 968, 970, 974, 984, 1001, 1055, 1078, 1084, 1095, 1117, 1138, 1219, 1224, 1290, 1315, 1341, 1342, 1376, 1394, 1398, 1442, 1449, 1517, 1532, 1540, 1570, 1596, 1603, 1651, 1666, 1683, 1691, 1712, 1742, 1952, 1955, 1983, 2012, 2058, 2061, 2069, 2077, 2080, 2083, 2088, 2095, 2098, 2107, 2185, 2194, 2197, 2211, 2218, 2219, 2248, 2249, 2252, 2260, 2273, 2288, 2299, 2312, 2320, 2323, 2325, 2337, 2369, 2417, 2497, 2502, 2519, 2539, 2543, 2551, 2592, 2608, 2717, 2744, 2746, 2770, 2819, 2822, 2824, 2830, 2884, 2895, 2899, 2901, 2921, 2952, 2960, 2965, 2997, 3028, 3047, 3056, 3059, 3073, 3083, 3084, 3094, 3124, 3143, 3169, 3234, 3262, 3309, 3321, 3322, 3335, 3366, 3402, 3404, 3411, 3414, 3453, 3468, 3479, 3487, 3493, 3498, 3545, 3554, 3580, 3585, 3592, 3596, 3597
---------------
alice        - frequency: 399  At line 1, 3, 17, 21, 29, 35, 42, 46, 63, 73, 78, 94, 100, 111, 115, 123, 129, 137, 143, 147, 154, 159, 171, 183, 191, 198, 207, 215, 222, 231, 252, 261, 270, 273, 281, 286, 299, 306, 344, 353, 367, 379, 388, 399, 404, 411, 413, 418, 424, 427, 431, 441, 443, 450, 458, 466, 483, 487, 494, 530, 533, 548, 576, 580, 588, 590, 599, 610, 615, 617, 668, 671, 676, 682, 687, 699, 705, 717, 722, 741, 748, 751, 765, 768, 770, 803, 808, 820, 824, 834, 840, 841, 844, 871, 877, 896, 913, 921, 924, 927, 930, 937, 950, 954, 967, 975, 979, 988, 993, 1001, 1022, 1028, 1036, 1041, 1047, 1054, 1060, 1066, 1073, 1078, 1083, 1089, 1095, 1099, 1144, 1154, 1159, 1165, 1172, 1179, 1186, 1192, 1217, 1224, 1242, 1249, 1255, 1262, 1270, 1276, 1285, 1292, 1298, 1303, 1321, 1341, 1356, 1361, 1371, 1377, 1392, 1397, 1405, 1409, 1418, 1428, 1434, 1444, 1449, 1459, 1468, 1476, 1499, 1511, 1516, 1518, 1528, 1532, 1535, 1539, 1544, 1549, 1565, 1572, 1578, 1582, 1587, 1594, 1599, 1603, 1609, 1615, 1620, 1625, 1632, 1637, 1648, 1655, 1680, 1685, 1686, 1691, 1696, 1702, 1706, 1709, 1715, 1722, 1726, 1742, 1746, 1750, 1766, 1773, 1778, 1791, 1793, 1799, 1806, 1811, 1824, 1830, 1842, 1858, 1863, 1869, 1873, 1880, 1892, 1901, 1907, 1912, 1916, 1919, 1925, 1930, 1938, 1943, 1950, 1959, 1961, 1965, 1973, 1978, 1985, 1989, 1998, 2003, 2010, 2037, 2059, 2063, 2074, 2084, 2091, 2098, 2103, 2105, 2116, 2123, 2148, 2150, 2162, 2165, 2167, 2174, 2181, 2185, 2188, 2196, 2202, 2215, 2224, 2240, 2243, 2248, 2260, 2267, 2270, 2279, 2281, 2295, 2304, 2307, 2312, 2323, 2341, 2361, 2363, 2383, 2387, 2389, 2391, 2401, 2405, 2409, 2417, 2424, 2429, 2432, 2436, 2447, 2455, 2460, 2467, 2473, 2475, 2488, 2503, 2507, 2509, 2513, 2518, 2528, 2535, 2537, 2542, 2548, 2564, 2573, 2583, 2590, 2597, 2601, 2607, 2612, 2616, 2622, 2628, 2634, 2640, 2645, 2655, 2669, 2675, 2680, 2686, 2699, 2706, 2708, 2712, 2747, 2749, 2753, 2761, 2805, 2811, 2818, 2832, 2838, 2843, 2849, 2855, 2861, 2868, 2874, 2881, 2889, 2904, 2910, 2932, 2944, 2951, 2970, 2977, 3009, 3012, 3034, 3040, 3050, 3060, 3067, 3072, 3077, 3080, 3148, 3158, 3162, 3228, 3244, 3260, 3293, 3297, 3303, 3306, 3322, 3325, 3340, 3342, 3346, 3360, 3369, 3371, 3377, 3382, 3428, 3474, 3499, 3521, 3526, 3531, 3541, 3544, 3549, 3554, 3557
---------------
again        - frequency: 83   At line 43, 82, 95, 125, 284, 345, 350, 360, 371, 415, 431, 439, 451, 456, 481, 562, 607, 612, 723, 724, 736, 783, 806, 874, 927, 934, 955, 982, 997, 1059, 1074, 1087, 1109, 1177, 1179, 1244, 1303, 1323, 1392, 1437, 1478, 1482, 1520, 1535, 1541, 1545, 1551, 1627, 1635, 1637, 1643, 1762, 1783, 1791, 1873, 1895, 1935, 1944, 1965, 1993, 2010, 2209, 2314, 2359, 2464, 2602, 2704, 2742, 2744, 2747, 2830, 2934, 3005, 3150, 3286, 3315, 3328, 3414, 3503, 3509, 3557, 3579
---------------
